0,0,0,428,18.14107929436036,36.28333782004908,0.06799508889893494,0.00784313725490196
1,0,0,389,16.07427464288682,31.821822210324136,0.10070339503761752,0.018682200468863697
2,0,0,391,19.01205236380195,37.35253648984901,0.053988142659451635,0.00784313725490196
3,0,0,27,18.336962238490948,37.62270641559833,0.05400222887735479,0.00784313725490196
4,0,389,391,26.266212959906547,36.3040367690698,0.06715928104644511,0.002242706185585204
5,1,397,124,19.721459233440473,38.4916370814268,0.0469513432279358,0.00784313725490196
6,1,1,0,19.385580141881555,37.086318490441556,0.0550904947866198,0.00784313725490196
7,1,1,327,18.480828696240135,37.483522060160716,0.05400263229711022,0.00784313725490196
8,1,1,327,17.755331752832987,37.75394747823911,0.05533837312201869,0.00784313725490196
9,1,1,107,18.894166911039502,37.52687795941612,0.052280461034997894,0.00784313725490196
10,2,2,148,18.903324232097468,37.374656984386746,0.05397922268087213,0.00784313725490196
11,2,2,150,19.267083558012,37.215263766451244,0.05400127219999572,0.00784313725490196
12,2,2,3,19.53740649506865,37.02378774267415,0.05510851322523224,0.00784313725490196
13,2,2,317,19.319221451901296,37.205960309756875,0.053994367468231316,0.00784313725490196
14,2,2,4,19.434550789014136,37.069756687620085,0.055104821498570995,0.00784313725490196
15,3,2,4,17.734264676992627,37.59372558367179,0.0550926006014516,0.00784313725490196
16,3,3,2,19.434195150436825,37.01086012150155,0.05530221729114596,0.00784313725490196
17,3,3,2,18.954099242621695,37.99812868909101,0.05050016580888066,0.00784313725490196
18,3,3,4,19.267927983772815,37.22440207854396,0.05399633275162965,0.00784313725490196
19,3,3,391,17.9226712406993,37.546236212194636,0.05511692201233847,0.00784313725490196
20,4,4,3,18.316262479311625,38.292617653740855,0.04992039537962465,0.00784313725490196
21,4,3,562,20.87525277711176,41.060615150467754,0.035471701309162905,0.00784313725490196
22,4,4,395,22.311947766956116,33.215119412791886,0.1,0.00784313725490196
23,4,4,2,18.129291304768604,37.70540551571675,0.053789053354569794,0.00784313725490196
24,4,3,107,18.93378786641554,37.395699114918756,0.053998672235190406,0.00784313725490196
25,5,5,562,20.2503293723448,39.87245959642326,0.04068140714691238,0.00784313725490196
26,5,5,6,20.65254873514845,35.424203225605225,0.06800703926974123,0.00784313725490196
27,5,5,854,25.48330723420138,32.9172363390176,0.09989573177878028,0.003093626769410439
28,5,5,397,19.073687161070644,37.31576131020909,0.053983802854492224,0.00784313725490196
29,5,5,6,18.877297717281397,37.28846045253868,0.05510542021498192,0.00784313725490196
30,6,6,125,19.37561848270043,37.10567256385785,0.05509029170279366,0.00784313725490196
31,6,6,794,18.79337010183389,37.361916595262684,0.05395757089795775,0.00784313725490196
32,6,6,5,19.374743034100007,37.17499015376107,0.05397420085154905,0.00784313725490196
33,6,6,329,19.393150089605257,37.17522132460541,0.05399962351898591,0.00784313725490196
34,6,6,488,18.52919185365207,37.50894015059306,0.05396253582398598,0.00784313725490196
35,7,8,7,19.176505354800966,37.19329861589377,0.054844399267276654,0.00784313725490196
36,7,7,136,18.43754996908205,39.18955079315409,0.04668085536648065,0.00784313725490196
37,7,7,8,18.60367680490169,37.09626680178221,0.05578453058855369,0.00784313725490196
38,7,7,8,18.316174762911043,37.81975326687488,0.05244237414297992,0.00784313725490196
39,7,7,8,18.938920164044156,37.45648137177671,0.053379078326211284,0.00784313725490196
40,8,8,7,18.408039297403388,37.523416025446565,0.05399511326803115,0.00784313725490196
41,8,7,8,17.54363440384068,37.815295873570726,0.05558179790082197,0.00784313725490196
42,8,8,7,18.819373875320842,37.45605003001528,0.05378543940417626,0.00784313725490196
43,8,85,114,19.19332186715872,37.64400754821262,0.0514313608627901,0.00784313725490196
44,8,8,84,19.314172140792888,37.3048228784296,0.05336968696162211,0.00784313725490196
45,9,9,134,19.359970286606842,37.826278605077626,0.05067914883435699,0.00784313725490196
46,9,9,138,18.08707270582254,38.02749119379088,0.0526364718976134,0.00784313725490196
47,9,9,374,19.327000096695546,37.11497449787282,0.05506217373878299,0.00784313725490196
48,9,9,355,18.753458755321006,37.41329833175042,0.05400200676326557,0.00784313725490196
49,9,9,360,18.627385848715036,37.4196913490644,0.05397578875737455,0.00784313725490196
50,10,10,140,20.331878094428557,35.69684640463375,0.06598698716718591,0.00784313725490196
51,10,10,139,19.593636874981787,37.0181803696437,0.05549041732405326,0.00784313725490196
52,10,10,94,19.486062934486355,37.0726071355695,0.055109451381202844,0.00784313725490196
53,10,10,13,18.895530964067767,37.87106031329886,0.05062408673623572,0.00784313725490196
54,10,10,815,19.503527758942614,36.99948824729426,0.05502851283978784,0.00784313725490196
55,11,11,46,16.906046816416797,38.0367736132449,0.05398388369942408,0.00784313725490196
56,11,11,97,19.092511657534615,37.275873207965525,0.05397794651568867,0.00784313725490196
57,11,11,50,19.05728524371796,37.39265009543879,0.053182946676215224,0.00784313725490196
58,11,11,10,19.109299689414676,38.81783567860177,0.04605684630262585,0.00784313725490196
59,11,11,97,19.112076903110694,37.1611459888927,0.05511764246197172,0.00784313725490196
60,12,12,11,17.72066917707471,37.80040762983176,0.054444407791663096,0.00784313725490196
61,12,12,13,13.431152820772063,30.249883884106165,0.1,0.03137254901960784
62,12,12,10,19.52151178770939,38.59189090266141,0.04643433335131374,0.00784313725490196
63,12,12,20,19.452003765206214,37.752265813898205,0.050669319958380525,0.00784313725490196
64,12,12,949,18.450535060104592,37.51705947649876,0.05397566710827888,0.00784313725490196
65,13,13,20,18.734316277154782,37.43276147657249,0.05418272267255027,0.00784313725490196
66,13,13,20,19.680681821265686,36.89079233604697,0.056109086143803194,0.00784313725490196
67,13,13,16,19.02862325081802,37.89560204692448,0.05063305800840322,0.00784313725490196
68,13,13,86,19.142366014277428,37.334588044208246,0.053368438595546575,0.00784313725490196
69,13,13,97,19.339998772836196,37.236292944372444,0.0537938653505192,0.00784313725490196
70,14,14,131,19.163204265345698,37.362673705661585,0.05279873629902753,0.00784313725490196
71,14,14,94,19.803402738359445,38.758783732581946,0.04540728619706526,0.00784313725490196
72,14,14,17,19.191036818163024,36.05644305126082,0.0640978742506186,0.00784313725490196
73,14,14,17,19.30660260183264,37.26793606087093,0.05358821604768956,0.00784313725490196
74,14,14,828,19.501165007388526,37.032624057979206,0.055096037367058245,0.00784313725490196
75,15,15,85,17.663812904151627,37.85006089357135,0.05398278462668617,0.00784313725490196
76,15,15,86,13.376262743111354,30.396273205566654,0.1,0.03137254901960784
77,15,15,304,13.537451868345329,30.110785533853416,0.1,0.03137254901960784
78,15,387,380,18.3846606847777,37.42730600356644,0.05583736431997775,0.00784313725490196
79,15,15,11,18.944687629063985,37.596212368756525,0.05198961722755808,0.00784313725490196
80,16,16,327,18.759715746470306,37.57113090879023,0.0533605820055784,0.00784313725490196
81,16,16,319,19.194687814509063,37.33868124247489,0.05277969356705364,0.00784313725490196
82,16,16,539,17.915013479454277,37.62835161846191,0.0551034864182582,0.00784313725490196
83,16,16,19,19.183282628266355,37.24649198342907,0.05394472344193716,0.00784313725490196
84,16,16,20,19.39897345591243,37.05587669401242,0.0550934607538125,0.00784313725490196
85,17,17,319,18.75660067015857,37.41431846376832,0.05399654203755395,0.00784313725490196
86,17,17,17,30.444696023383667,32.895055261366,0.1,0.00784313725490196
87,17,17,18,19.343494320328954,37.82124046453161,0.05067506109213856,0.00784313725490196
88,17,17,84,19.062850738471194,37.910733698715646,0.05037653411723881,0.00784313725490196
89,17,17,85,18.689381782343418,37.500087090760864,0.05378724335994995,0.00784313725490196
90,18,18,80,19.486852928842662,37.07604929122799,0.055097348947276276,0.00784313725490196
91,18,18,99,13.457152638259597,30.331073981925897,0.1,0.03137254901960784
92,18,18,128,19.16782533689228,37.23928665220806,0.05396749902372426,0.00784313725490196
93,18,18,99,19.367551321238672,37.171565913726866,0.053968749814016524,0.00784313725490196
94,18,18,7,19.305836148388323,37.20642896226384,0.05464759329683237,0.00784313725490196
95,19,19,97,18.33668744143567,37.80572248882797,0.05372989002736219,0.00784313725490196
96,19,19,876,19.08123882643705,37.42878110291629,0.0539975876802017,0.00784313725490196
97,19,19,326,19.29207909079904,36.991178293711855,0.05640426248884291,0.00784313725490196
98,19,19,370,18.89055147200906,37.3588389010784,0.05398670798032712,0.00784313725490196
99,19,19,95,17.95752235098266,37.71937593977649,0.05355245847165549,0.00784313725490196
100,20,20,80,15.681323531340432,42.58790932259018,0.039323860371749085,0.00784313725490196
101,20,20,13,19.052291816943512,38.27797981891324,0.048946230894843006,0.00784313725490196
102,20,20,18,22.78832753332889,38.58063145162205,0.04867822414136644,0.00784313725490196
103,20,20,36,19.38179713123767,37.20605496618041,0.054002225400634825,0.00784313725490196
104,20,20,267,19.563968076391465,37.06855048739003,0.055112124615030435,0.00784313725490196
105,21,21,22,16.66492640306916,39.12066961590991,0.055102677132043885,0.00784313725490196
106,21,21,18,19.6006578641585,38.43646347044556,0.04718469570547121,0.00784313725490196
107,21,22,133,19.46447768508629,37.08284946431914,0.055117810984254945,0.00784313725490196
108,21,21,92,16.64150246016745,38.93367938389026,0.054400998323189585,0.00784313725490196
109,21,21,100,19.561901792530783,37.0450124440196,0.05510520002453918,0.00784313725490196
110,22,22,134,18.830237095897942,37.508484694775255,0.05705203596379742,0.00784313725490196
111,22,677,474,19.342349353324455,37.229868194232424,0.054190604532253356,0.00784313725490196
112,22,22,815,19.41266214332537,37.11953022516696,0.055064688558268675,0.00784313725490196
113,22,22,21,19.533029277387953,38.26874093578375,0.04788357347612517,0.00784313725490196
114,22,22,21,19.394155461831744,37.04578093061332,0.05504615047393169,0.00784313725490196
115,23,23,8,19.383856593099857,37.183523926001456,0.05509110008850296,0.00784313725490196
116,23,23,124,19.370741586837113,37.13515029951141,0.0545964169463874,0.00784313725490196
117,23,23,22,16.80652374702578,38.188824030602206,0.054859181632547216,0.00784313725490196
118,23,101,363,19.255126273765306,39.772824659785925,0.04193417095260846,0.00784313725490196
119,23,23,97,14.816433208533017,39.85131820702523,0.055111908697647434,0.00784313725490196
120,24,24,24,25.19509502629799,33.30939447189184,0.1,0.00784313725490196
121,24,24,206,20.075589946371906,39.364680769758394,0.042688508586969265,0.00784313725490196
122,24,24,331,19.440271001793917,37.0992643320536,0.055122050538422666,0.00784313725490196
123,24,24,283,19.212077991101605,37.206032713432194,0.05510990294095576,0.00784313725490196
124,24,24,39,19.220507518706228,37.20886770143951,0.05488916828551921,0.00784313725490196
125,25,25,28,17.47199440918685,38.06211290663149,0.054004667845555306,0.00784313725490196
126,25,25,25,26.008865753109674,33.198418385905185,0.1,0.00784313725490196
127,25,25,32,18.737430024218472,37.51848151004124,0.053207889809968566,0.00784313725490196
128,25,28,25,19.518515631413962,37.049675384421505,0.055329582928248265,0.00784313725490196
129,25,25,28,19.110118312543005,37.290558604368805,0.05400893912487704,0.00784313725490196
130,26,62,395,19.8339968576519,36.226261092023044,0.06122546191039554,0.00784313725490196
131,26,26,28,18.642813147140416,37.931836530408,0.0522141739745361,0.00784313725490196
132,26,26,28,19.752670932428476,37.33047101554096,0.05351801976488858,0.00784313725490196
133,26,26,58,23.31975809678118,32.582065217956924,0.1,0.00784313725490196
134,26,26,110,20.35260346492432,36.29143460140216,0.061286903027749064,0.00784313725490196
135,27,27,26,13.521493727760525,30.085665239356423,0.1,0.03137254901960784
136,27,120,952,18.919130245526155,37.42483685798988,0.05399138160052132,0.00784313725490196
137,27,27,26,13.4750236191467,30.522906930915706,0.1,0.03137254901960784
138,27,27,124,17.95116499760637,37.64873120469776,0.055319528513806844,0.00784313725490196
139,27,27,123,19.099543174729533,37.2923985800569,0.05441800649824176,0.00784313725490196
140,28,28,25,20.939539893625504,35.69391823352643,0.06679051750574018,0.00784313725490196
141,28,28,25,19.799717402279654,38.48834057566264,0.046969959985753325,0.00784313725490196
142,28,28,54,21.96539321806184,32.958478248786925,0.1,0.00784313725490196
143,28,28,26,19.146180637181153,37.3156959100873,0.05399083385228931,0.00784313725490196
144,28,25,72,12.767767697115783,30.826985397640133,0.1,0.03137254901960784
145,29,26,115,19.59387993634138,38.23609011675596,0.048006905440551,0.00784313725490196
146,29,29,794,18.840061029903318,38.8371288552672,0.04693623969328398,0.00784313725490196
147,29,29,952,18.90909303717066,37.39264004078845,0.053992632005110806,0.00784313725490196
148,29,29,29,22.778446238878235,33.652733003051935,0.1,0.00784313725490196
149,29,29,394,19.258575704394833,37.28904811725521,0.05397265836065476,0.00784313725490196
150,30,32,30,18.960654806586838,37.337389101558685,0.05510748534340623,0.00784313725490196
151,30,30,32,17.524262277665102,38.08232771693834,0.05399852220551698,0.00784313725490196
152,30,30,32,19.388542726314284,37.18951315129824,0.05402584792200511,0.00784313725490196
153,30,30,26,20.700961193927476,35.30588808607848,0.06979683910660844,0.00784313725490196
154,30,30,42,17.206021058542017,38.33794702218904,0.05459500935318528,0.00784313725490196
155,31,31,32,19.600503966693655,36.96828588171495,0.055880443049861395,0.00784313725490196
156,31,119,43,19.63868897844253,41.85921956084794,0.03334870237696383,0.00784313725490196
157,31,31,46,19.17203092012896,38.68476757161078,0.0470251414588103,0.00784313725490196
158,31,31,30,19.345380928623722,37.10363296802169,0.05509656545600066,0.00784313725490196
159,31,31,32,18.38138957792883,37.63033129838658,0.0539643795674211,0.00784313725490196
160,32,42,44,19.211569128359688,37.95952554266749,0.050121063469743175,0.00784313725490196
161,32,30,50,20.543944986597943,35.4994896761086,0.06703160229110795,0.00784313725490196
162,32,32,31,19.510579771592873,38.30538544727282,0.0478517628396026,0.00784313725490196
163,32,5,600,18.51313424507342,37.11265096539543,0.0581661208192285,0.00784313725490196
164,32,30,42,19.13255644905016,37.89949310909253,0.05044418153425596,0.00784313725490196
165,33,34,794,19.542768677245846,37.018210904456666,0.05507470919622901,0.00784313725490196
166,33,50,703,18.253426571259688,37.71272025779383,0.054014802375321073,0.00784313725490196
167,33,33,34,19.072894974128875,37.33618358702094,0.05399709256808987,0.00784313725490196
168,33,34,753,19.52426516637652,36.99462639911822,0.05611279174174082,0.00784313725490196
169,33,34,33,18.579086606766452,37.778710868394356,0.0520065169013333,0.00784313725490196
170,34,34,39,33.132977239956766,32.80309184831843,0.1,0.00784313725490196
171,34,33,150,19.386168376558132,37.175765168738046,0.05398991637265876,0.00784313725490196
172,34,34,50,19.46260708745256,37.20267651125824,0.053995786163089705,0.00784313725490196
173,34,34,33,19.44545902047409,37.19334100423463,0.05399968502746286,0.00784313725490196
174,34,34,33,19.15594523803651,37.20376618750467,0.05512231353254547,0.00784313725490196
175,35,36,30,19.539391488891173,37.03928173078477,0.05511238013318156,0.00784313725490196
176,35,37,35,19.099422419907476,37.184252877805626,0.05507706713906545,0.00784313725490196
177,35,35,37,19.88642438923916,39.734254997125184,0.04139326586758739,0.00784313725490196
178,35,37,119,19.249219870082,37.2849327509861,0.05487147379715849,0.00784313725490196
179,35,35,36,18.689486259259695,38.70416754389115,0.048403137727378406,0.00784313725490196
180,36,36,37,19.050815621233454,37.32165442763994,0.05509820360228373,0.00784313725490196
181,36,33,988,18.717971982630893,38.279615954597965,0.049221857777468216,0.00784313725490196
182,36,36,113,19.409715969376997,37.137300539287146,0.054419737198861444,0.00784313725490196
183,36,34,481,20.157301339348066,35.68899049280621,0.06621670087045153,0.00784313725490196
184,36,51,48,19.029462949702097,36.90474904616066,0.05767671630340403,0.00784313725490196
185,37,35,37,19.19225200083513,37.280726332225605,0.05398800505552859,0.00784313725490196
