0,0,0,522,19.235793367013603,37.32339775109605,0.06224284778689545,0.0053623258683157225
1,0,0,389,20.30477711111668,33.09698373814254,0.10045182534463287,0.008358016060106735
2,0,0,391,18.486411461911295,36.987639118013746,0.055725075486137164,0.008832608745197552
3,0,0,955,17.890925284055506,37.25492369657297,0.05569350171143089,0.008832406991741381
4,0,391,646,23.24672528337399,32.84414888053259,0.09933793541373352,0.006331534142400757
5,1,1,85,27.388575394691262,42.73670019501558,0.031051424319132853,0.0019453129550420709
6,1,1,32,17.205907842359785,35.72338312364229,0.06104869001457221,0.011713888485764448
7,1,1,371,18.068244205263507,37.12403728555255,0.05560443948962849,0.008785161394829853
8,1,327,643,15.893576756635355,36.186726241702786,0.06203001035816988,0.0122935468564205
9,1,1,301,12.61152310305901,29.790881065025605,0.1,0.0392156862745098
10,2,2,525,18.40247316734528,37.017592298307356,0.05555681381662309,0.008766435085302737
11,2,2,801,18.74668877461563,36.853156911063564,0.05571305131148392,0.008827878852397147
12,2,2,3,17.330273294515617,35.6539400748041,0.060863561374991416,0.011638020710801045
13,2,2,801,18.790603009219318,36.84308508538183,0.05560596436260098,0.008785761055010739
14,2,2,146,17.294431461782004,35.711905419604165,0.060904949919896,0.01165499493780274
15,3,2,4,16.284296666343458,36.21847449673285,0.060972783115633686,0.011682798798932477
16,3,3,2,17.007129783120543,35.49071403183398,0.061951167846547694,0.012261307571084686
17,3,3,2,19.949814722347195,38.670031605535264,0.04780586498150326,0.006449586087848444
18,3,3,937,18.760509077912417,36.86797519456863,0.055520142487454696,0.00875201812155187
19,3,3,2,16.4107018330737,36.15857833686298,0.06095538479772607,0.01167566916208524
20,4,4,3,19.57200088801831,39.35755509671069,0.04551651873635877,0.005682168637397726
21,4,6,913,17.513461911874217,29.973277055792607,0.11808745242349378,0.0392156862745098
22,4,4,109,18.430354231914905,32.4482623096008,0.1,0.0392156862745098
23,4,4,33,17.978585099327695,37.55340875423572,0.054455987822393706,0.008236150288676362
24,4,6,797,18.421197752867535,37.02985872456199,0.055595157896714355,0.008781511815786389
25,5,5,815,11.274346409929269,33.84469797623727,0.05645650169831033,0.0392156862745098
26,5,5,611,23.654142090636938,36.701769706161485,0.06083659091065868,0.004866894474004992
27,5,5,996,23.72236391410414,31.7829382261053,0.11225390144006335,0.006170801742673078
28,5,5,390,18.56644198195537,36.9589119603396,0.055643090129725306,0.008800361140947583
29,5,5,123,16.9643835873955,35.93779510933171,0.06104653321838376,0.011713005488027183
30,6,6,958,17.232922618506326,35.7621775797201,0.06106362105181176,0.01172000091951423
31,6,6,562,18.363600187306808,37.01745332282649,0.055502701449605965,0.008745293701780281
32,6,6,5,18.821860961216615,36.815119308005016,0.05559407733867549,0.008781086774692692
33,6,6,65,18.84557669454409,36.80854989920894,0.055693212091851046,0.008820074788302636
34,6,6,816,18.068841813095787,37.152249897783484,0.05560881649834828,0.008786882571379325
35,7,7,106,17.413900438753945,36.03750851221741,0.05998919407994706,0.011115303227838366
36,7,7,90,25.01215161349105,43.602828748643745,0.029343690501365094,0.0017162398662054351
37,7,7,8,18.147628888774257,36.75531781571354,0.057311373397377345,0.008780306965456591
38,7,7,8,21.250085073503897,39.79750122140108,0.044127318846502166,0.004297230635391398
39,7,7,8,19.577207958715526,37.8245503215056,0.051891960666258834,0.0070833319451060195
40,8,8,7,17.987249411950643,37.160711778540744,0.0556624089966315,0.008807959096761488
41,8,960,552,15.72150591538496,36.09638712361972,0.06290364015040548,0.012845283485081741
42,8,8,840,18.700424695164923,37.32678917185336,0.054437639031274576,0.008224435705297892
43,8,60,67,24.406602608608864,40.55974926259609,0.03936589765482639,0.003143378966613236
44,8,8,7,20.01892240423143,37.67726410018221,0.051862855467093565,0.007072708196599262
45,9,9,522,12.712097474878751,30.15230800348303,0.1,0.0392156862745098
46,9,9,138,20.268937165051227,39.555145445056475,0.045932838479722744,0.00486136836786516
47,9,9,279,17.267839199008094,35.77972130858463,0.06083640156798597,0.011626877885026712
48,9,9,365,18.280019153231855,37.04767151901121,0.05566332659854646,0.008808320089084339
49,9,9,360,18.174440686622276,37.04961931743023,0.055706608964651357,0.008791220837812603
50,10,10,120,28.88002298789013,39.29724009722784,0.0465299073740781,0.0019128267328022298
51,10,10,162,18.169508181331302,36.36903873616212,0.05768277591178177,0.009869085170645258
52,10,10,40,17.306836387685554,35.7156629111434,0.06095778641421437,0.011676653411702303
53,10,10,89,13.000455855931733,30.07112692916329,0.1,0.0392156862745098
54,10,10,381,17.36034538254461,35.65792118473019,0.060718995072578566,0.011578674756762861
55,11,11,948,16.62527926506264,37.66727994269688,0.05560754988846315,0.00878638464896644
56,11,11,11,28.543971582932592,32.924161576423195,0.1,0.0392156862745098
57,11,18,311,20.134930511798792,38.03855950071461,0.05052902780468728,0.006518212221520443
58,11,11,381,13.365853192216903,30.34552347879903,0.1,0.0392156862745098
59,11,11,97,17.01021707306641,35.77380485834565,0.06094943480287942,0.01167323074791704
60,12,12,11,16.887888547513686,36.99696769981517,0.057875456796678965,0.0099469608476183
61,12,12,92,18.105741507213175,36.39669899084829,0.05774751710770659,0.00989578289398935
62,12,12,850,13.390302184030926,30.29827672870254,0.1,0.0392156862745098
63,12,12,13,24.64209437811548,40.64026505422778,0.03891088024281235,0.0030819892668167287
64,12,12,311,18.034794461241418,37.16091556603254,0.055573182888926737,0.008772870933259107
65,13,13,20,17.959882992169558,36.87023258485332,0.056777102227886955,0.009374787705924936
66,13,13,330,16.526767223796544,34.90654688665821,0.06468844285825463,0.01392200181087756
67,13,16,47,24.209088239337845,41.02891736408391,0.037750402549684876,0.002899755606522607
68,13,13,137,19.848137803876817,37.71422127480776,0.05181785371747357,0.007056290449678239
69,13,13,137,19.15860881680983,37.09676910742902,0.054408989673454124,0.008213389455214826
70,14,14,131,12.625320853351262,29.735041433286284,0.1,0.0392156862745098
71,14,14,62,13.817442754193468,30.143125639166172,0.1,0.0392156862745098
72,14,14,17,18.26230701424212,35.37275330624587,0.06799068346379505,0.009818909961269558
73,14,14,17,19.542138552351776,37.369897505346344,0.053229077104298056,0.007663830888766467
74,14,14,319,17.298493282632453,35.6725390019117,0.06100972779494888,0.011697933646928255
75,15,15,10,17.318611185756396,37.48877073961273,0.05554087918513441,0.008760170249634918
76,15,15,336,18.03098105840187,36.514387729608934,0.05786354715100539,0.009942148274402207
77,15,15,91,19.974220321521404,37.66531288634394,0.05183412717490691,0.0070622262317737855
78,15,95,380,16.205101433832773,35.601411292350626,0.06372874661816985,0.013332575813966442
79,15,15,18,12.705673966085678,29.908815797241004,0.1,0.0392156862745098
80,16,16,96,19.424904906508743,37.954215307345464,0.051751118248036805,0.007031962503841235
81,16,16,94,21.49290321177417,38.62250813065126,0.04740048806031522,0.005367714639247664
82,16,315,596,16.35525023012397,36.25988203153562,0.0609158321294561,0.011648789225595223
83,16,16,19,18.71969822206569,36.909712898716506,0.055647589678349714,0.008802130724069879
84,16,16,19,17.286787171853707,35.70855581570467,0.06104041856665922,0.011700539275185124
85,17,17,13,18.296355324599286,37.05311094842432,0.055646635870024906,0.008801755560809397
86,17,17,450,18.669469151544224,35.359790205851816,0.06634369619208229,0.010545014374073982
87,17,17,428,24.385692347388233,40.719006861529394,0.03874364108959022,0.0030427532260341797
88,17,17,42,24.391625351678382,41.11712154915096,0.03730715964627616,0.002839490838306702
89,17,17,491,18.578114220687766,37.369701606102964,0.054458285579508825,0.008232397599600545
90,18,18,80,17.315301832628684,35.72094047505556,0.06086034017253452,0.011636699058907067
91,18,18,99,12.56187160151242,29.847326963779853,0.1,0.0392156862745098
92,18,18,58,18.62942372021236,36.88145302746493,0.05565631303698454,0.008804481221103482
