0,0,0,428,20.613672225007722,39.37466200233607,0.0499514352557099,0.9995540205110532
1,0,0,0,23.014414019766782,33.51670994826266,0.1,1
2,0,0,391,28.252540497947333,39.26257357343561,0.04770847844572646,0.9998644580556743
3,0,0,27,23.770222953252514,42.88146301552387,0.03184112555423561,0.999334374876464
4,0,389,391,25.349305152043137,35.937879932467865,0.06968576188596598,0.9996337243496132
5,1,397,29,29.688825024348805,43.965066044407905,0.027107592256839886,0.9992002957507493
6,1,1,0,28.787129259895245,37.23561539753096,0.05940893972106739,1.4998955633216553
7,1,1,327,24.154103114815733,42.81396019887247,0.03184053967335667,0.9993343612760599
8,1,1,327,22.917701944931814,42.73114333593189,0.03331895363378873,0.999368427182483
9,1,1,107,25.96931268632627,41.950773658569254,0.03425843514597784,1.4993289567150592
10,2,2,148,26.993048312715615,42.69714736608705,0.03183948640481864,0.9993343366609061
11,2,2,150,28.847351718887374,42.58847617555175,0.03183568324763472,0.9993342478095024
12,2,2,3,29.058055456023215,42.21732070318306,0.03305971676460312,0.9993626980119985
13,2,2,34,29.149922060576564,42.57465112091577,0.03183954643281699,0.9993343380123638
14,2,2,2,32.203252934581144,32.81880838510933,0.1,1
15,3,2,4,21.117170095799125,42.817443017980025,0.033049696502286806,0.9993624839588862
16,3,3,2,30.37059295701635,39.94797571380471,0.043200464826222626,0.9998131538971203
17,3,3,2,25.42775446074279,43.40871980003698,0.029420447332323237,0.9992709717575806
18,3,3,4,28.708994315722897,42.57520423945233,0.031830232211796365,0.9993341204786753
19,3,3,2,21.615448871973012,42.75140805828581,0.033052877629299524,0.9993625519123571
20,4,4,3,23.043197693407123,43.7641232093544,0.028993175428750118,0.9992587184032717
21,4,3,983,31.246376710520742,46.50847594658268,0.020257745662267606,0.9989011720226033
22,4,4,395,22.618140324306953,33.25288910624854,0.1,0.9986880080381262
23,4,4,2,23.259345817668716,43.028127205052755,0.031597870094466116,0.999328441962716
24,4,3,4,27.488186603243037,42.68931558951792,0.03183175358683329,0.9993341559972946
25,5,5,562,29.18959320223705,45.299869188151774,0.02337629574707905,0.9990583467894969
26,5,5,6,28.303269503182253,38.644261382409695,0.04990494406226697,0.9995539041255005
27,5,5,854,22.192733580844923,32.48909286217314,0.1012785595902111,0.9997407328182633
28,5,5,397,27.76137540127385,42.63773932212559,0.03184109587807281,0.9993343741874917
29,5,5,6,25.60509554221179,42.423880870519696,0.03305748302480438,0.9993626503614532
30,6,6,112,28.63656389316667,42.254653355125185,0.033055682713802964,0.9993626118785826
31,6,6,4,25.35367787046752,42.7181629632054,0.03183328756011582,0.999334191878942
32,6,6,6,37.86969170550008,32.754917028946686,0.1,1
33,6,6,344,29.704243428276094,42.55717061385042,0.03183672628365695,0.9993342721665365
34,6,6,801,25.801592806229866,42.797550298363916,0.03183050804973639,0.999334126936406
35,7,8,7,27.288986063306947,42.373155916292966,0.032775402075680436,0.9993563181776546
36,7,7,80,26.167401831951523,44.40408697743816,0.026678918661964316,0.9991859213041085
37,7,7,86,26.157651455380858,42.453234781504534,0.03283039634792499,0.999357553691641
38,7,7,8,22.40159592792564,33.671091332864336,0.1,1
39,7,7,8,27.232038435522618,42.84316841503943,0.031192039467848473,0.9993183163126187
40,8,8,8,23.363148858650217,33.39966088466544,0.1,1
41,8,7,8,21.626396149955273,42.83768873390493,0.03359477362993596,0.9993743848606248
42,8,8,7,26.374771334426846,42.78621424638863,0.03161302810570152,0.9993288092514115
43,8,85,114,29.335961120662603,43.22845673402546,0.029513936624718694,0.9992736081659115
44,8,8,7,29.47581687000451,42.736688327115154,0.031178890573609817,0.9993179946730631
45,9,9,9,25.257194311706904,33.64242070688682,0.1,1
46,9,9,138,23.76081251519237,41.49329555922198,0.03778403637584724,1.49979523483053
47,9,9,374,28.666190221409398,40.16101488913169,0.042405919226638326,0.9998116601919456
48,9,9,355,24.44960619502507,41.552342721319235,0.03631360093081884,1.4993691809416039
49,9,9,360,24.99672318576391,36.909389346866035,0.06350898020752961,1.4999192369030445
50,10,10,140,28.17879555776731,39.23737430338556,0.04668536027758216,0.999534501802134
51,10,10,10,28.851903545911487,33.14817530500969,0.1,1
52,10,10,14,29.39173206921287,42.22984176607679,0.033044293480036346,0.999362368414295
53,10,10,13,27.183150719319773,43.481797525656596,0.0290344908220194,0.9992599203524904
54,10,10,94,28.99193549245502,42.18761051577771,0.033002980452651084,0.9993614830406422
55,11,11,40,19.849746404153162,43.42995898082647,0.031825210352660165,0.9993340031195714
56,11,11,97,28.476179629480434,34.24317998961595,0.08522695223432196,0.9999725043234035
57,11,11,26,27.723167790198545,42.859877373345284,0.030973605244255874,0.9993127744712554
58,11,11,10,26.86570219767846,44.36471103947031,0.026309807692390136,0.9991731862013817
59,11,11,97,26.58073266523146,42.33335995654846,0.03304971434091787,0.9993624843653822
60,12,12,11,21.66426218130868,43.02387854186837,0.032315438845595616,0.9993456730481745
61,12,12,12,28.507366234973368,33.16504797991904,0.1,1
62,12,12,10,30.98188013199545,37.905805434503876,0.055428129514180045,0.9999364652432613
63,12,12,10,30.281592191502416,42.544017983171926,0.03193671343408953,0.9997841046216102
64,12,12,94,24.103637999905825,42.84274274991424,0.03183606616228981,0.9993342567897905
65,13,13,20,25.934111743215915,42.67769795490015,0.03206424811580127,0.9993397386706733
66,13,13,20,29.159672691633396,41.91254025444978,0.03417980662461847,0.999386631790461
67,13,13,16,27.870879014055973,43.44157811509629,0.029034768578240354,0.9992599283639599
68,13,13,20,27.069287403655235,40.61246517689714,0.0398182520023872,1.4998008581755202
69,13,13,145,29.089017180137382,42.617841606438695,0.031604674527057286,0.999328610989937
70,14,14,17,29.217292937855163,42.911458658103456,0.030579704028819307,0.9993025566157074
71,14,14,94,30.008204060109854,44.35001591727426,0.02591321503872818,0.9991591204868238
72,14,14,17,24.460396117127367,39.457132386127306,0.04662003808378781,0.9996231626226812
73,14,14,17,29.09075339678344,42.683709371326245,0.03139976211038473,0.9993235320073164
74,14,14,13,29.267522859270876,42.22566494533872,0.033047552076811565,0.9993624381156772
75,15,15,86,21.093089302948815,35.02398469510593,0.08522510073249456,0.9999725022021243
76,15,15,15,25.719172797830687,33.40317168509766,0.1,1
77,15,15,15,32.02231892630331,32.88047629877131,0.1,1
78,15,387,380,22.401505936912077,42.4088605972067,0.03388163472783272,0.9993804591586858
79,15,15,10,27.806841018495916,43.18963037282682,0.029864427349153747,0.9992833433125415
80,16,16,1,25.522506642537213,36.135127291278536,0.07124007098811655,0.9999448633268072
81,16,16,94,32.8197913992201,38.700095266021115,0.04992556005204345,0.9998885808495248
82,16,16,703,22.401845195801524,42.743998565455676,0.033058287640573905,0.999362684814
83,16,16,19,27.783402381200762,42.595909163935985,0.031828938373909176,0.9993340902411351
84,16,16,20,28.42768479081913,42.237614984521,0.033052075164367464,0.9993625519860441
85,17,17,319,25.88361390021772,42.730079682674365,0.031826806109587,0.9993340403916666
86,17,17,17,30.444696023383667,32.895055261366,0.1,1
87,17,17,18,28.996785988908545,43.29423328102209,0.029349754821891373,0.999268969360394
88,17,17,84,28.009117325475973,43.47637940902732,0.02888136192880229,0.9992554582812272
89,17,17,85,25.946952788654464,42.83231331697954,0.03161200905986492,0.9993287850571614
90,18,18,18,29.984845218920174,33.00895813423507,0.1,1
91,18,18,18,25.882916528546133,33.15490302506713,0.1,1
92,18,18,128,27.82595588024211,42.600463055852835,0.03182216365479268,0.9993339335973421
93,18,18,99,29.423172593291845,42.54693779137649,0.03182856331893166,0.999334081531375
94,18,18,7,29.22475611383137,37.72020959909061,0.05666592218039239,0.9998943853271326
95,19,19,97,23.860622468580765,38.59997501893691,0.05477571964857711,1.4998915663570926
96,19,19,13,26.599447276537347,35.92615633213385,0.0728855276609578,0.9999458446674611
97,19,19,326,26.73665191222501,41.94828912539079,0.034515366260591485,0.9993933698756273
98,19,19,370,26.98023000496166,36.99102720130524,0.06268742326381738,0.9999193670066844
99,19,19,95,22.861261340254377,43.1116107272848,0.031381362583341225,0.9993230883493399
100,20,20,80,18.48605927744089,47.98074530671643,0.022320435965432917,0.9990098787801551
101,20,20,13,26.726248690872005,43.746393920499294,0.02825992781924346,0.9992368785143929
102,20,20,20,29.51201813734216,33.083971089064896,0.1,1
103,20,20,36,29.241005414658332,42.56154184299924,0.03183788750883928,0.999334299313062
104,20,20,80,29.087301958494635,42.21520649086688,0.03305068836519624,0.9993625051309063
105,21,21,22,22.935020926697405,43.661685638533314,0.03304566104549655,0.9993623976573676
106,21,21,18,29.391639190725883,43.99674159040073,0.027045473097805528,0.9991982398275407
107,21,22,133,29.053488424331015,42.22904266610005,0.03306026059192017,0.9993627096206873
108,21,21,92,22.693610839104995,43.861644816637515,0.03228884774102326,0.9993450725648388
109,21,21,128,29.100173830442948,42.223853019911,0.03304867239446435,0.9993624620519681
110,22,22,135,29.01424357326296,41.82494285289454,0.03466323054764827,0.9993962942474987
111,22,677,474,28.461941230293412,42.53371356632168,0.032062984684126786,0.9993397096243141
112,22,22,815,28.64283173606841,42.215039934780584,0.03302646835544791,0.9993619868375716
113,22,22,21,31.140812510834756,32.91639168397274,0.1,1
114,22,22,36,30.99204141766782,32.826809199204746,0.1,1
115,23,23,8,28.70312999309316,42.248933939099594,0.03304837163544859,0.9993624556090211
116,23,23,390,28.766504399155394,42.35663220435919,0.03250747116621997,0.9993501819903269
117,23,23,22,20.089649214195298,43.349900818477884,0.032801594080058255,0.9993568969991099
118,23,101,363,26.066384739089298,45.285441886315425,0.023861393267492443,0.9990792098319353
119,23,23,144,15.810475043215304,45.075206851133274,0.03303374269494331,0.9993621426355408
120,24,24,24,25.19509502629799,33.30939447189184,0.1,1
121,24,24,206,31.884942719813015,42.66212413499876,0.0316498388402018,0.9998970708330253
122,24,24,331,28.542652483970564,42.253915250882386,0.03305304216714575,0.9993625554757543
123,24,24,283,26.255731922245328,36.313936642021446,0.06696040709113901,1.4999216762229624
124,24,24,39,27.441757939371797,42.38381456721436,0.032796657179037424,0.9993567814753361
125,25,25,28,21.426548327014054,43.28353323030581,0.03184257747508265,0.9993344088023237
126,25,25,25,26.008865753109674,33.198418385905185,0.1,1
127,25,25,32,26.556511394325884,42.943193793152474,0.030992250579084356,0.9993132429746931
128,25,28,25,28.671810643202683,42.18783668470777,0.03332312457876873,0.999368514561602
129,25,25,28,27.136170499202116,42.64477669123039,0.03184388131615922,0.9993344391917508
130,26,62,395,28.249993192867507,40.69296745537676,0.039442314337135784,0.9994707563136394
131,26,26,28,26.036169746657336,43.11337355753836,0.030736874247595237,0.9993066636670369
132,26,26,28,28.965591019927295,42.41716245437836,0.032260386563403624,0.9993444016280314
133,26,26,58,28.466654596061367,37.33400718361458,0.05833431319347089,0.9995932505243809
134,26,26,110,28.52753557318788,40.366184355345794,0.0409744274150532,0.9994878267428542
135,27,27,27,31.87239849619253,32.84608114453503,0.1,1
136,27,120,125,27.67441000823431,42.66163857058671,0.031839435355749526,0.9993343354696244
137,27,27,27,24.55947913830186,33.4289184390187,0.1,1
138,27,27,124,23.517961567838015,42.68102775070439,0.03331450171853479,0.9993683339052154
139,27,27,119,26.97930562617218,42.52389626771457,0.03229845567454044,0.9993452897063311
140,28,28,28,30.0063173002763,32.935934983142396,0.1,1
141,28,28,25,32.22304895239859,35.11362268235337,0.07596617173107005,1.4999677105910554
142,28,28,25,26.461983683769347,36.70296901838698,0.06375789457089584,0.9996136778688044
143,28,28,26,27.923388576263367,42.61429594552486,0.03183558650425356,0.9993342455698111
144,28,25,25,19.930206031897825,34.2432874399606,0.1,1
145,29,26,29,29.70165835544509,43.83883589877428,0.027466922851699844,0.9992120169150476
146,29,29,1,26.037146450775634,44.1754984657321,0.027099136734246673,0.9992000160819848
147,29,29,952,27.585807088655162,42.69266341291151,0.03183839069481905,0.9993343110481673
148,29,29,29,22.778446238878235,33.652733003051935,0.1,1
149,29,29,394,29.114282706443724,42.56819699212561,0.03181433723928917,0.9993337488178409
150,30,32,30,26.765600140921997,42.35873917605602,0.033054805567385014,0.9993625931362548
151,30,30,32,23.02231616034936,43.22778128317143,0.031838823635958885,0.9993343211948541
152,30,30,32,29.19185557350967,42.55225435992478,0.03184985632574479,0.9993345785686296
153,30,30,0,28.283112587326368,38.2038325511098,0.052840727893495816,0.9995690952826642
154,30,30,32,22.465649020796675,43.19544958977092,0.032532367064286014,0.9993507440975656
155,31,31,32,31.356732650886624,38.859291507764226,0.0491252287095321,0.9998445553259184
156,31,119,32,24.784088241870123,47.14086455481569,0.019426043104866286,0.9988756490395828
157,31,31,46,24.774891440918758,42.397911767275374,0.033018549313700345,1.4998388012403474
158,31,31,30,28.440660221936703,42.25831865240173,0.033051320434228086,0.9993625186574946
159,31,31,32,25.354895360189296,42.82411672751916,0.03184081370168751,0.9993343675514487
160,32,42,39,27.838965873750837,43.42977939126239,0.029039943292302604,0.9992600802199644
161,32,30,32,28.531133941594437,38.89877938311183,0.048402583025776984,0.9995452876204709
162,32,32,31,29.00092202484517,43.90067907427036,0.02738117245748071,0.9992092460961389
163,32,5,600,25.536049152977427,41.87984838444138,0.03551797565286413,0.9994123905380551
164,32,30,42,28.093805653927145,43.43430167023755,0.029073070280838227,0.999261039282315
165,33,34,591,29.17416655516672,42.2073421766504,0.0330353223989428,0.9993621764727952
166,33,50,703,24.900976436114576,42.95632031362366,0.03183891232389412,0.9993343249575823
167,33,33,33,26.78509110995951,33.10717508156698,0.1,1
168,33,34,562,27.766258281968803,41.963326443887496,0.034200272645738355,0.9993870327364559
169,33,34,33,25.785459381433427,43.3179511948262,0.029860282575233713,0.9992832317539012
170,34,34,48,36.50537765405824,32.82480264785751,0.1,0.9983765617544533
171,34,33,150,29.38755103115715,42.54837002117762,0.031836141099723075,0.9993342585292239
172,34,34,50,29.14930157423004,42.55338597944658,0.03184150947898197,0.9993343855558986
173,34,34,33,29.112589967302434,42.54815382135917,0.0318469439071567,0.9993345106548983
174,34,34,33,26.05164062841053,42.359149595714136,0.03305656892587093,0.9993626308290131
175,35,36,30,29.025656443265014,42.22283544543954,0.033050305971495185,0.9993624969705773
176,35,37,35,27.430628273014285,37.56025225307228,0.05824736749948597,0.9998957190933118
177,35,35,36,28.293541273373435,40.54401336995273,0.04085271085041074,1.4999291712210125
178,35,37,125,28.67292499976896,42.325602821045585,0.032791387118469253,0.9993566746489779
179,35,35,36,24.248099790937488,43.971512727256616,0.02785189552450022,0.9992242546281908
180,36,36,37,26.729408863673676,42.3627999298235,0.033049347674374834,0.999362476470033
181,36,33,988,25.832598623703365,43.81196244207443,0.02826771409957821,0.9992371180670809
182,36,36,37,28.845449142281964,42.42968847381072,0.032303284685139114,0.9993453987386511
183,36,34,360,26.91165241353447,39.18262275530576,0.0471518156115089,0.9995375290463794
184,36,51,48,25.52206869212554,41.852105064212935,0.03509077271176146,0.9994044973496897
185,37,35,37,27.954664441116602,42.612533570893795,0.03183865205439465,0.9993343171710433
186,37,37,35,24.2178005509184,34.63795537833866,0.08489543180324917,0.9999723177664858
187,37,37,37,20.023713992495225,34.305236885387075,0.1,1
188,37,37,37,26.81906899516258,33.11521032779547,0.1,1
189,37,37,35,28.29762489076082,42.60709954460758,0.03184578576073911,0.9993344836118818
190,38,38,290,24.787038414110597,38.75327056565099,0.0504094222303738,0.9995565856036882
191,38,42,40,30.23457120902399,44.952299704017875,0.024264475565717213,0.9990959315804694
192,38,38,44,26.470520214152774,41.83753994057916,0.03588777250126,0.9994189640010683
193,38,38,36,25.46814936027129,38.97854463450494,0.048933691099508556,0.9995483767518334
194,38,38,26,35.442666249371946,35.27025509848912,0.07573903469791285,0.9999677311508398
195,39,39,42,24.964895395559267,34.61641499760147,0.08684546366139309,0.9999734586793958
196,39,39,49,28.740752358430303,42.56348434574814,0.03183575204080558,0.9993342512095592
197,39,39,48,28.218318574330343,35.71559410136337,0.07290324707305261,0.9999458664764141
198,39,39,26,27.265500990976548,42.66802202372422,0.03183797686618048,0.9993343013884236
199,39,39,44,27.22341543798116,42.65671075827372,0.031831837326534315,0.9993341579921399
200,40,40,46,26.426109623789117,35.81220039140031,0.07289247485356394,0.9999664885359051
201,40,40,46,29.23570323709361,42.554378202150914,0.03184082510028777,0.9993343678981481
202,40,40,46,22.640578973857423,42.5743141390395,0.03330754853964787,0.9993681881729234
203,40,46,40,28.599347195099885,42.57631697859999,0.03183277930964206,0.9993341800117856
204,40,40,46,19.71516736240592,43.30672843232242,0.03304369440064054,0.999362355578371
205,41,41,44,26.823225582886636,39.998101104061746,0.042317101463417994,1.4994613355721338
206,41,41,36,28.42764377032958,45.1192792104245,0.023920496804218518,0.9990816998684737
207,41,41,44,27.011184266816596,41.88619420032181,0.034342037928166466,1.4993306889806435
208,41,41,44,28.871118510944633,43.991578557755496,0.027112098910999048,0.9992004447558265
209,41,41,44,26.85097765628088,41.0296150327878,0.037684746511380506,1.4993935097000415
210,42,42,42,30.513259779515785,32.89800442742083,0.1,1
211,42,42,42,20.088078678223553,34.059628934700015,0.1,1
212,42,42,39,23.147074898236284,42.24606777804131,0.03631382116815982,1.4993691853681375
213,42,42,48,27.337319205748557,42.30177664698981,0.03305207238416255,0.9993625347426935
214,42,42,27,28.953448131870037,42.207723825001445,0.033044087234758115,0.9993623640601147
215,43,43,252,21.90153869028983,32.68067005299275,0.1011837822305357,0.9997401164353547
216,43,43,58,27.08474382691143,42.322507348411484,0.0330546459979161,0.9993625897075654
217,43,43,32,29.03027822258965,42.401836553775425,0.032412382402314296,0.9993479581531753
218,43,43,47,26.433427953834546,33.12195976029449,0.1,1.5
219,43,39,43,27.913060185122806,42.049473816863625,0.03388736942007932,0.9993805741925134
220,44,44,49,31.01906787994595,38.56932883287193,0.050548616101565705,1.4999104529713847
221,44,44,54,25.72038038620974,42.82456115860255,0.03183071676847926,0.9993341318512591
222,44,44,52,29.259955376648268,42.22389151315906,0.03305618427834241,0.9993626225966323
223,44,44,49,25.31172743007886,41.54854958579901,0.03661056240914485,0.9994311239874556
224,44,27,79,26.341994119473426,43.74325571191308,0.028179698387724415,0.9992344248481645
225,45,45,45,23.885865386710876,33.44590086489769,0.1,1
226,45,45,79,28.13321175286747,36.55771596572357,0.06617172080093794,0.9999218174611637
227,45,45,45,24.705729685594147,33.32552982100317,0.1,1
228,45,45,34,26.979611823037693,35.902013477972666,0.0729000624082008,0.9999458625552926
229,45,45,45,24.067767885110758,33.57565255710115,0.1,1
230,46,46,44,26.837191882749167,40.227655437968224,0.042433945377860424,0.9998117384764971
231,46,46,309,25.40061892501848,42.44736814654335,0.03305333116994715,0.9993625615958501
232,46,46,39,26.710350457860695,42.98191969708827,0.030778231646454945,0.9993077360077899
233,46,46,47,22.52941485249753,42.80102901090767,0.03253415707973499,0.9993507751900816
234,46,49,39,24.17240116419649,42.55328728161439,0.03305324415269238,0.9993625597623186
235,47,40,47,28.251599021453924,43.31153004049998,0.029425931993566877,0.999271124033603
236,47,47,31,27.894934192875482,43.46819606562388,0.028878300218336733,0.9992553697559557
237,47,47,46,27.829860307377174,42.50492201697128,0.03218114476205013,0.99934252994649
238,47,47,44,26.65864364417034,42.31148055701681,0.03304108025555614,0.9993622996636014
239,47,47,46,26.7921082222231,42.68023723480478,0.03183130742597462,0.9993341456464397
240,48,48,6,25.280154815788855,42.774762240093025,0.031823097490518086,0.9993339537330697
241,48,48,45,28.01705668488236,42.25793944102885,0.03305470336082901,0.999362590943431
242,48,48,50,29.742880386242753,34.23889186958737,0.08554862701851428,0.9999726918862245
243,48,48,46,27.119207980779493,41.35173361978232,0.036312507920433695,1.499369159142623
244,48,48,298,28.019552054200062,42.80038976874987,0.031188042886297798,0.9993182185522933
245,49,65,34,28.757252296118686,42.22593847435486,0.033054743241670126,0.9993625918068396
246,49,49,50,28.280497161739007,42.26405550505948,0.033054275529648326,0.9993625817912007
247,49,49,428,28.316516000357606,42.259178976437084,0.033047865829780365,0.9993624448169265
248,49,50,49,28.230262198907774,42.59500935397597,0.031844724149244746,0.9993344588492649
249,49,49,131,29.42481400921743,42.43088759395881,0.03230728519027118,0.9993454890373186
250,50,50,34,25.11444199814995,35.75925598009634,0.07338400781990906,1.4999457720678335
251,50,50,49,24.94786684718717,40.46919988736863,0.04259973295263333,0.999835160254412
252,50,50,49,26.460038044284918,42.68642813591134,0.031847304702773784,0.999334520797194
253,50,50,460,27.082685751868848,42.70881810022654,0.031838004291690425,0.9993343019904459
254,50,50,26,28.619052484526918,42.577617632240916,0.031839042549379734,0.9993343280426067
255,51,51,357,17.72794301656533,34.66187730887002,0.09323976661116803,0.9997092550243538
256,51,51,738,25.751979910449066,35.65417380140432,0.07337489705153917,1.4999457608077025
257,51,51,766,24.62502803301434,42.83588708232968,0.0318316092296041,0.9993341526796086
258,51,51,73,23.696361683888547,36.437710991912226,0.06661783228970403,0.9996234572823413
259,51,51,342,18.835158858487745,34.07960609677967,0.1,1
260,52,52,53,27.60073700514415,42.6307367912214,0.03183323716529095,0.9993341907254019
261,52,53,61,25.271097771403962,42.454135991550935,0.03304872178525444,0.9993624631125668
262,52,52,114,28.13010952683417,42.639037036968986,0.03182674444846415,0.9993340389773493
263,52,52,111,25.576935879342688,33.216766171972566,0.1,1
264,52,53,125,28.943452336170694,42.220533074830094,0.03302753381757523,0.9993620096871262
265,53,53,52,24.716035200763905,41.16664340975291,0.037689599539217994,1.4993935989527796
266,53,53,57,28.075008213979046,43.69710814048189,0.028174778953289372,0.9992342750471466
267,53,53,784,16.99999458947179,35.07570384519946,0.1,0.9983765585328374
268,53,53,57,27.77939891097474,44.06330075159116,0.0271149990075901,0.9992005405496083
269,53,53,58,28.95009227002145,42.3017685942625,0.03279275880333071,0.9993567045768771
270,54,54,677,21.29700424895647,47.15419275101462,0.020582884184126873,0.9989192374178146
271,54,54,62,26.961364335603513,42.30629174578397,0.033059011065294956,0.999362700224795
272,54,54,66,31.553762379680993,34.079437302728756,0.08684189398593098,0.9999734543551473
273,54,45,56,24.507540666923482,43.131656404896134,0.031182251022955215,0.999318076944302
274,54,46,953,27.855000634421557,42.25606486413287,0.033324185207643596,0.9993685367747063
275,55,55,64,29.150937473392343,43.13925278943479,0.02987140714045171,0.9992835309201056
276,55,55,55,27.217550978430666,33.056011312349895,0.1,1
277,55,55,55,31.610196188157786,32.858819074574555,0.1,1
278,55,55,64,28.950504665441414,42.595868951404164,0.03185822408759894,0.9993347736117099
279,55,64,55,27.682795205696994,42.3666326117322,0.03304808434414034,0.9993624494806985
280,56,56,65,29.28240479939079,42.57887862000661,0.03184408167263359,0.9993344438999631
281,56,56,56,22.73610625768079,33.774278221179095,0.1,1
282,56,56,56,30.199404835898527,33.03404464283906,0.1,1
283,56,56,61,28.969898982124697,42.71911141055292,0.03136010319177357,0.999322549212848
284,56,125,79,26.48660439439402,42.72719254064072,0.03184217377965246,0.9993343993633507
285,57,57,52,21.675802651246986,33.934180833653905,0.1,1.5
286,57,57,62,28.703367181344923,42.0085807205271,0.03391742924445682,0.9993812084946925
287,57,57,52,25.429856179753145,43.562935961689,0.029125195630498146,0.9992625373329405
288,57,57,58,26.330769517545328,39.0163959156191,0.04857851912528755,1.499841080130877
289,57,57,58,22.67027387512868,42.81924308057821,0.03332665162033893,0.99936858842704
290,58,44,58,28.10322493533235,41.79673014426672,0.034847369598483224,0.9993998633859439
291,58,58,57,29.49847203087801,42.73435483800074,0.031191360220342763,0.9993183054097101
292,58,58,65,34.00313138168758,36.51976482912626,0.06462705635000876,1.499963099747147
293,58,58,815,28.651882657222004,42.58436365494631,0.03183538422901566,0.9993342408364728
294,58,58,53,27.032871890503095,42.0113083699643,0.03380248801452541,1.4993193934444684
295,59,55,59,28.623079838577073,42.23810272778266,0.03304124689080092,0.9993623032747294
296,59,59,55,29.16657233790361,42.346231429496186,0.03252452168099094,0.9993505698123694
297,59,59,55,22.102193690374165,42.71910225010199,0.033039231846766964,0.9993622601779487
298,59,59,489,29.303062485206084,42.22008391624121,0.03305091837857367,0.999362510122442
299,59,59,64,28.46702896795446,42.26033165782308,0.03307132983406317,0.9993629632389651
300,60,60,82,27.863435406227644,42.2961535746138,0.03307719413963159,0.9993630883937565
301,60,60,58,29.105452480758846,42.222757687248496,0.033055498165729016,0.9993626079506377
302,60,60,58,28.65220921531342,42.57603333455913,0.03183642488289013,0.9993342651772642
303,60,61,62,28.592832209847682,42.24653526899247,0.03306074298111744,0.9993627199642752
304,60,60,54,23.695605708067834,43.03059991986733,0.031835843819003846,0.9993342515507331
305,61,61,62,25.603824123962443,41.44203546875377,0.03714180131961055,0.9997490124396353
306,61,61,52,29.115171340221465,42.603983623818664,0.03184237798028591,0.9993344041281244
307,61,61,118,25.258206754154628,39.44714031059496,0.04772248704141471,0.9998644794137397
308,61,61,61,26.724963519427494,33.20536061830455,0.1,1
309,61,61,638,26.13417929199062,42.7784992316927,0.031841187549714475,0.9993343763209875
310,62,62,75,25.755576900951933,34.160433709026194,0.08464756492304593,0.9996805992976713
311,62,62,343,26.437330423556094,34.320676928496624,0.08333237492129178,0.9996766055098855
312,62,62,68,25.181311724562484,34.23253444106484,0.08475783368293152,0.9996812164401435
313,62,61,62,21.25815613775993,33.794652037182956,0.1,0.9986235880553536
314,62,62,61,29.105589471259762,42.22632360709164,0.03305123386196834,0.9993625167884163
315,63,63,58,28.547386867556472,43.14050522260573,0.0298574656318282,0.9992831560209556
316,63,63,58,25.715589285120206,42.471204459424065,0.03278838134151353,0.9993566091333633
317,63,63,395,25.995798609681763,38.81993596590342,0.049461917007957254,1.4997983696204444
318,63,63,66,26.72369089481558,41.45528444723675,0.03659477812389143,0.9994308686091297
319,63,63,60,27.701842480495827,38.39655711606059,0.05221108583795944,0.9995660048287329
320,64,55,55,27.69909343683409,33.438781510971,0.1,1
321,64,64,55,31.717030355223667,38.647133193932234,0.05034166797918542,0.9998673747754272
322,64,55,64,28.178302094731965,42.55622215366155,0.032080584383876,0.9993401136133888
323,64,64,55,27.500785566531952,36.287664028007,0.06538230480620634,0.9996191031622678
324,64,64,60,28.97697371070913,42.227642022000026,0.03304163972151192,0.9993623116476954
325,65,65,65,21.728510642920043,33.77802519768327,0.1,1
326,65,65,913,23.934052532765296,42.89720438885282,0.031834784387979556,0.9993342268197968
327,65,983,65,28.620475731114894,43.979407306231934,0.027273259511874724,0.9992057361035377
328,65,65,58,33.502124778434414,34.06599657367017,0.08545345770869837,1.499972477409725
329,65,65,65,29.05013644020313,32.926487322684224,0.1,1
330,66,66,68,28.278473433512275,42.63996951943759,0.03183810195372261,0.9993343043178714
331,66,60,41,23.322609335965243,35.40345172083064,0.07806438776423898,0.9996604240093209
332,66,60,68,27.946723931736194,43.30218085686211,0.029424815284955195,0.9992710930654518
333,66,68,62,27.029590469420974,35.5439756377207,0.07203589721586993,0.99964126345978
334,66,66,68,31.01791817668603,46.55319408454148,0.020145878073402724,0.9988956750796714
335,67,67,54,27.777855316535096,41.998487166665356,0.03420083213726858,0.9993870437594564
336,67,68,66,29.435917129765386,43.66168894265257,0.02818117020545591,0.9992344697031372
337,67,67,55,27.233944863363142,42.57958994657191,0.03230001740422599,0.9993453249671821
338,67,67,66,27.42020741703872,42.162258700202926,0.03361354416385923,0.9993747786939999
339,67,67,67,25.545654462979172,33.40515101129211,0.1,1
340,68,66,68,29.259139424709524,43.67441926829891,0.028077410295758012,0.9992312754091427
341,68,68,68,25.367384093873213,33.26391191767008,0.1,1
342,68,68,68,23.473251801415998,33.534382385605014,0.1,1
343,68,68,67,24.01759716678921,41.89233677811441,0.03509863752638283,1.4993459527358433
344,68,67,68,29.937886723226868,44.38600732795613,0.025856415171652148,0.9991570734509203
345,69,69,116,25.23559176228727,41.77961501460096,0.03595554781828898,0.999744405783993
346,69,69,69,26.954726537693663,33.49739900716179,0.1,1
347,69,69,110,27.732878812930174,42.89233817962412,0.030974819984529983,0.9993128046163271
348,69,50,328,29.020323104296494,42.57176290004224,0.03184022366409974,0.9993343538521164
349,69,69,69,20.353634613842697,34.40610620436744,0.1,1
350,70,70,75,28.951776695214573,42.28500997552102,0.03279138023586692,0.9993566744720265
351,70,70,303,28.835218557159045,42.554849359735194,0.03183655398661449,0.9993342681432732
352,70,70,124,25.860052826952945,39.64633069947144,0.043984489050695866,1.4994803385050737
353,70,70,77,27.486074730910524,43.79356599555881,0.0278457250472422,0.999224061890864
354,70,70,946,29.41178331659944,37.815890922145606,0.05561038243154684,1.4998923197076874
355,71,71,53,25.07255176762305,42.52454072124977,0.03305104651106114,0.9993625128188445
356,71,71,78,21.431948816461958,42.94955578042341,0.032832178310457635,0.9993575906149854
357,71,71,124,26.782311696655235,42.68740458567895,0.031836769911695616,0.9993342731822668
358,71,71,124,32.331803761833974,38.77658729274384,0.0499863700678792,1.4999581195621736
359,71,71,122,26.673198293901898,43.01056171464248,0.03076057721833154,0.9993072909900304
360,72,72,72,30.13429153115059,32.864482613435534,0.1,1
361,72,72,72,23.351723964545595,33.38871161350528,0.1,1
362,72,72,72,25.444734966184754,33.87945529874156,0.1,1
363,72,72,72,28.53376902529007,33.070082238066405,0.1,1
364,72,77,58,28.50177853211389,41.7826126691405,0.03485947099498589,0.9994000895210585
365,73,75,73,28.692649192771995,40.57153068181783,0.03990917608682286,0.9994762153374448
366,73,73,815,26.79413405893639,42.516268697226714,0.0323760756532368,0.9993471015503872
367,73,77,73,21.33300670143695,44.92168642994859,0.027109788298146975,0.9992003683531073
368,73,815,74,28.141078284221418,40.614666292351444,0.04001141251657499,0.9994774304091832
369,73,73,70,26.163132889834614,38.02780019470336,0.054740085333241775,0.999577745108729
370,74,72,74,24.691597440723186,42.86607620402923,0.03182682291160985,0.9993340425276097
371,74,74,73,29.430057207112807,42.61580827599233,0.031600366330604084,0.9993285013052015
372,74,815,74,27.884574152192556,43.02489172921941,0.030405133219223352,0.9992979420588953
373,74,304,74,25.708800686820975,42.36543829761555,0.03304147226503342,0.9993623080928195
374,74,72,815,32.34791724924785,32.97226276095918,0.1,0.9986992089844642
375,75,75,305,27.806198987391944,42.641085047711364,0.03183752389999364,0.9993342907935072
376,75,75,73,30.324925320807164,35.47143327356765,0.0734003970004035,1.499945792318403
377,75,75,73,26.24196050328669,43.464123499367645,0.02935733202164016,0.9992691808737549
378,75,75,73,25.179271032872194,42.553387117186844,0.032520573669414625,0.9993504734463736
379,75,75,73,29.47133192593309,43.187402490281585,0.02958043710505155,0.9992754685216443
380,76,76,76,30.630355035501747,32.96033661532526,0.1,1
381,76,124,76,26.1048061906048,42.74210137744541,0.03183740257535297,0.9993342879481258
382,76,76,77,25.81537980057883,42.762913783322,0.03183944084958254,0.9993343355079786
383,76,77,303,23.7589975653512,42.91240486181663,0.03185263231606047,0.9993346432777743
384,76,76,815,25.336433791697758,34.419303854123434,0.08545326416461708,1.4999724771912637
385,77,77,74,30.94082068505376,36.45078875820823,0.06546039624012359,0.9999213040179287
386,77,77,120,21.529418599927652,43.183087922721846,0.031841642814785326,0.9993343869721317
387,77,77,74,28.240774230101504,42.78016784247268,0.031192519680795516,0.9993183280101107
388,77,77,792,26.546865173770193,42.204573406960876,0.03360231533895428,0.9993745485993121
389,77,77,723,29.433192796281837,43.065454579918445,0.030034172564218024,0.9992879823195081
390,78,78,73,21.535621134863717,39.76088371565356,0.05138092291036159,0.9995617143152921
391,78,78,361,23.17454401076588,45.46457106242373,0.024268732969033167,0.999096109023093
392,78,78,305,28.850636960274638,42.471756002502914,0.032041655158825316,0.9993392190820825
393,78,78,75,28.466374460412027,36.57273209300983,0.06300700354819919,0.9996107958999937
394,78,78,303,20.170904788392807,42.04503769694743,0.04096126685642059,0.9994876594392532
395,79,79,79,30.83917842768321,33.07179002112731,0.1,1
396,79,79,78,29.229212552817465,42.53847591996407,0.031822564187093005,0.9993339412392787
397,79,79,772,24.628025757565318,45.10742139275496,0.024514553087166407,0.9991060432837849
398,79,79,318,29.534024827489315,43.40204589779294,0.028876294979458803,0.9992553117823407
399,79,79,124,22.14834008261988,43.176155435892014,0.03184420092247135,0.9993344466212992
400,80,80,7,29.502752415065522,44.90994424433061,0.024393351400591318,0.9991011732546468
401,80,82,330,22.617865998358518,40.164443069383644,0.04439801969127875,0.999518255170111
402,80,80,136,25.825845264534667,37.00198934394878,0.0626537121341762,0.999609538667652
403,80,82,43,27.786246240408076,42.84951668593018,0.030971515761695354,0.9993127225714218
404,80,80,199,22.786847800317442,35.10543475353414,0.08108206083650453,0.9996696540562999
405,81,81,8,28.65907220775349,42.82638870848886,0.030973402334661695,0.9993127694730127
406,81,81,279,24.909595843437625,43.912206258806364,0.028880400507346624,0.9992554304684352
407,81,81,81,26.179384347609897,33.16827786948477,0.1,1
408,81,81,20,29.185042960343146,42.715519631686895,0.031164784473375683,0.9993176491228036
409,81,81,8,27.350543521415766,33.06395287740115,0.1,1.5
410,82,82,82,23.875475879498836,33.347734144622116,0.1,1
411,82,81,86,28.659841764508407,42.28070365306234,0.033055802728639894,0.9993626144934118
412,82,85,988,21.75853795501456,42.9404910889907,0.03304650706770144,0.9993624157302703
413,82,81,82,25.533314325746964,42.521646656866594,0.032538698149213285,0.9993508846944431
414,82,82,8,25.301207897096333,41.09941146413103,0.0379865947150364,1.499398602954224
415,83,83,80,27.502184883661332,45.12626225924247,0.0240574795870918,0.9990874154193122
416,83,83,15,31.90925703277401,35.37649430629933,0.07337202665603927,1.4999457572583235
417,83,83,83,31.78779418827409,32.93385205119909,0.1,1
418,83,83,7,28.431373138179055,38.15143415481102,0.0533550610033565,1.499868836664061
419,83,85,82,28.48085825188544,36.25915768541596,0.06548876244756989,0.9996196784281922
420,84,84,474,24.308518100745058,33.394595255392545,0.1,1.5
421,84,84,84,24.453198355795386,33.183465749024364,0.1,1
422,84,84,84,24.205516984732856,33.19029451411906,0.1,1
423,84,84,84,33.56062640299168,32.79266265707952,0.1,1
424,84,84,84,24.299271665959182,33.32411982815107,0.1,1
425,85,85,120,29.130548127816578,42.54816262823742,0.03182985914639732,0.9993341117978433
426,85,81,85,26.425505001366627,42.694459200639834,0.031839068402358686,0.9993343285738217
427,85,85,20,27.19713284903929,43.21627390763908,0.029852354999432715,0.9992830184400245
428,85,85,85,30.770671692012193,32.90525484242667,0.1,1
429,85,85,86,26.235925554759113,41.133512842454216,0.037380294369874965,1.4993882532505736
430,86,86,85,25.633640432361094,42.74501004441878,0.03183997223198985,0.9993343497298646
431,86,86,81,29.36387035268239,42.56755601596411,0.031839704745625634,0.9993343417078303
432,86,86,85,18.02701769472082,44.57564120476391,0.032068213592825544,0.9993398322205577
433,86,82,972,28.62970476119205,42.35231432661999,0.032790742858524735,0.9993566605627391
434,86,86,85,26.655315617161794,43.16217336823311,0.030394911639774803,0.9992976776070487
435,87,87,289,25.351211712351347,42.405590038884085,0.03306131352739847,0.9993627320985066
436,87,87,23,23.861468550408148,39.79248436772744,0.047704874988961955,0.9998644511975077
437,87,87,99,30.507830621283723,39.15532312866591,0.04772839140301283,0.9998644959026175
438,87,87,88,28.12803439847611,39.05780565422149,0.04778807340514579,1.4998399546831704
439,87,87,144,29.215506540044412,42.54650923686924,0.03183384931258821,0.9993342049723646
440,88,88,90,25.89183018621902,42.38751307804862,0.033060288863340885,0.9993627275189948
441,88,88,90,24.72672705989219,42.51094837081175,0.033067632754350366,0.9993628843305868
442,88,88,90,26.992892877173674,42.85310464169507,0.031176402009703553,0.9993179337231249
443,88,88,93,20.8270520572987,33.93451201438876,0.1,1
444,88,88,90,27.05072790706317,42.242834087145916,0.03331843407187613,0.999368422367188
445,89,89,132,29.23284149977239,42.24481051946681,0.03306938388406972,0.9993629217144281
446,89,89,132,28.539143894333012,34.35948683695677,0.08487705879535444,0.9999723043159359
447,89,89,89,21.802461539488274,33.62659858976569,0.1,1
448,89,89,664,29.153892359299043,42.218304335059926,0.03303661896467529,0.9993622042427306
449,89,89,81,24.892607767943424,38.825181006122385,0.051733919154684935,0.999868874378135
450,90,90,15,26.53804207859068,42.6780576910988,0.03183308427373004,0.9993341871453277
451,90,88,90,28.56174834288932,42.57178860782142,0.03183160401782421,0.9993341525045425
452,90,90,94,24.892721945825542,42.91649230904942,0.03139256388584132,0.9993233585061742
453,90,90,97,26.938445573436496,42.54946482228017,0.032303798328498695,0.9993454103421884
454,90,90,491,26.06697686777907,43.612107989059936,0.028873382908257493,0.9992552276370844
455,91,91,94,28.11355113377794,42.72756587458897,0.031830191889995786,0.9993341195342338
456,91,91,90,23.44985231105026,42.625125244991686,0.033075075064487446,0.9993630431782196
457,91,91,91,29.666972824969015,32.924951228667766,0.1,1
458,91,91,135,28.809743839443087,41.884755256103446,0.03450080399437826,0.9993930916687743
459,91,85,104,25.32670214772541,42.42608039254246,0.03304370508077758,0.9993623558279099
460,92,92,134,30.289890497769903,39.05097983110967,0.048214178490872193,0.999843313716499
461,92,92,94,27.563485996865495,42.34639577145544,0.032789138270882145,0.9993566176614987
462,92,92,17,29.22168494057791,42.24750221267189,0.03300022620568083,0.9997302534234291
463,92,92,95,29.947934889039285,40.74943211129204,0.03934016572173123,0.999780995776936
464,92,92,92,32.378951786553245,32.82901791341382,0.1,1
465,93,93,96,28.06152345878467,42.633362033002655,0.03183384638809338,0.9993342066659507
466,93,93,96,29.09177790139055,42.22837145127262,0.033047578914307776,0.999362438665948
467,93,93,93,22.264918962085773,33.70807511027012,0.1,1
468,93,93,96,23.887903439053453,42.944611915784904,0.031607558953029566,0.9993286795243549
469,93,93,93,21.480646222186778,33.81927916750912,0.1,1
470,94,94,1,29.76353061526684,40.11974339497027,0.04257869681797399,0.9998351048989298
471,94,94,113,29.472872847088563,43.30644425959428,0.02918830290407877,0.9992643592435783
472,94,94,20,28.483137907978442,42.37988006325507,0.0325380966075784,0.9993508713235854
473,94,94,324,28.84580742304314,42.19990686055117,0.0330285263908572,0.999362030898884
474,94,94,315,25.715587394881588,42.48256905026051,0.033053148262340494,0.9993625748909125
475,95,95,94,28.7134740702926,42.23006196019448,0.03305572853319661,0.9993626128507838
476,95,95,94,28.16405316037973,42.54554890578692,0.03206342469577575,0.9993397221718816
477,95,95,94,28.500939564053574,34.235139841147436,0.08684164529005976,0.9999734540539883
478,95,95,94,25.86625893701603,35.63257269998358,0.07567637146629477,0.9999475872221891
479,95,95,94,29.66354330202815,35.588748060350916,0.07290042593418924,0.9999458599998632
480,96,96,96,26.26135545781431,33.20187582994039,0.1,1
481,96,96,145,24.844167623966946,42.77625934559956,0.031818640522204074,0.9993338494898619
482,96,96,93,28.69629155428784,42.24863588899496,0.03304376239292175,0.9993623570358287
483,96,96,59,25.701191235989384,41.257417375252736,0.04018360387334852,0.9998072007611782
484,96,96,93,28.93869918252692,42.57101858300317,0.03184079453955888,0.999334367129558
485,97,97,58,28.846516847500688,42.57762907331512,0.031833662318593615,0.9993342005824385
486,97,137,20,29.319540901514557,42.48643976757474,0.03230280261957651,0.9993453878665043
487,97,97,99,27.13224385704474,42.35609101170064,0.0327950325521523,0.9993567540720386
488,97,97,99,19.372280739489604,44.74442830038485,0.030212244208196414,0.9992927974571354
489,97,97,98,26.46868257763566,42.353691657815446,0.03305322049293672,0.9993625592750576
490,98,98,97,26.57546132971437,39.00467843360948,0.04858420634606586,0.9995464163053333
491,98,98,137,28.737393963898352,42.26690374261377,0.033048721548647624,0.9993624630959199
492,98,98,97,27.88857355858889,42.62672466343745,0.031839634036894854,0.9993343400884267
493,98,98,98,27.317188021461284,33.42433717485483,0.1,1
494,98,134,131,29.580306596201158,43.23609467435041,0.02942011253996505,0.9992709624792026
495,99,99,97,24.322437364722724,42.85944915184058,0.03183417489384239,0.9993342125992046
496,99,99,137,26.420490272479313,42.56052547507568,0.03230699038430113,0.9993454823832968
497,99,99,97,24.66361866753983,41.463620819491204,0.036564879503703025,1.4993737819715482
498,99,99,100,24.99262464220728,42.45951127494023,0.033054701720343097,0.9993625909267709
499,99,99,84,27.573564381099438,42.77190028662143,0.03139498990276907,0.9993234169756418
500,100,100,100,31.671946397121467,32.900923058669,0.1,1
501,100,100,100,28.318226282056948,33.165926167274485,0.1,1
502,100,100,100,33.910946729883186,32.898520786718976,0.1,1
503,100,100,99,23.241995317457857,40.37607164944646,0.04330940764704337,0.9998592849245506
504,100,100,100,31.7026492610678,32.87638043255419,0.1,1
505,101,101,386,29.11977730226131,42.22116724466723,0.03305168000333863,0.9993625263504362
506,101,386,101,28.535041133871943,42.24593289346504,0.0330656276833265,0.9993628415354665
507,101,101,386,27.21239595267319,42.632012720028854,0.031837269571221176,0.999334284936945
508,101,101,386,29.393554421124644,42.561389386894426,0.031842417156723514,0.999334405057562
509,101,385,490,23.291609356156727,43.09833244918265,0.031835167008523985,0.999334235750265
510,102,102,888,29.574778577058986,43.46599435599285,0.028793747822071943,0.9992528860300798
511,102,102,334,28.849670144570403,42.57176032927269,0.031843796385018934,0.9993344372708125
512,102,102,334,28.724875855691817,42.5895891658654,0.03183670453128869,0.9993342716705843
513,102,102,328,28.019195112317156,42.592929562186555,0.03183102936687151,0.9993341391001151
514,102,102,334,25.778871928485234,40.94373914650758,0.03887441697302025,0.9994637278466465
515,103,362,294,28.032271460834753,36.173545222308675,0.066799428708764,0.999624064242784
516,103,103,199,26.26656651918143,33.323522866195546,0.09139785193815606,0.9997029936594721
517,103,103,286,27.55276786663064,39.835348787413466,0.04371013640876739,0.9995128015880563
518,103,103,50,28.511433918713614,42.57824293113629,0.03183604842581132,0.9993342563679425
519,103,103,73,24.427465636886918,34.99544313221835,0.07796159426731568,0.9996599566101783
520,104,104,331,29.28487162777451,42.55787953238324,0.031835328024701966,0.999334239511583
521,104,104,264,27.43501000478361,42.48599669713292,0.03303987344540613,0.9993622738761566
522,104,104,355,24.15965352964866,33.449817629835024,0.1,1
523,104,104,331,24.04638879894161,40.13396343046411,0.043766897737073554,0.9995132787274169
524,104,104,273,28.950254334951964,42.59393344555167,0.03184344685857688,0.9993344290517734
525,105,105,298,28.673418947455826,43.10266688019755,0.030031951816081225,0.9992879222595208
526,105,105,105,23.296577569329486,33.28072623202487,0.1,1
527,105,105,106,26.26268525691649,42.68683493885863,0.031820909585848475,0.9993339025973034
528,105,105,383,28.847696911467455,42.22278220069744,0.033066877103540226,0.9993628682075599
529,105,105,384,22.585754125248737,43.281341085378514,0.03074933793557518,0.9993070034448186
530,106,106,342,29.450490716721006,42.55738897120252,0.031836782461880625,0.9993342734998572
531,106,106,124,24.92599263728705,42.79941527865991,0.03182664388831722,0.999334038399309
532,106,342,104,22.13517439597718,43.55550902575395,0.03039335665119568,0.9992976373191212
533,106,106,298,28.38648157823886,42.89169857786649,0.03076833692267094,0.9993074866968614
534,106,106,362,23.82724443255014,41.63903688112868,0.036310572039772525,1.4993691204169046
535,107,107,815,21.471382979285536,43.171006606192975,0.03183476306124402,0.9993342263191902
536,107,107,971,29.891027603677223,40.945902221677926,0.03879199755092555,0.999804145898782
537,107,107,971,25.787094352139253,40.3235161575937,0.042573847887994065,0.9998350986100366
538,107,107,920,33.21969478680824,37.988731140487516,0.05434784868368973,0.9998923982814121
539,107,107,107,26.491357234794503,32.98047729067939,0.1,1
540,108,108,393,29.137159371551462,42.24413421457751,0.033048978766586024,0.9993624686075396
541,108,393,108,27.733026058007383,42.68424108677831,0.03161080607918148,0.9993287565363864
542,108,991,107,28.088549562026955,42.32173281364056,0.03304345323409801,0.9993623504495999
543,108,108,328,26.86272639065743,36.820569757940866,0.06418131407707545,1.4999197100786335
544,108,108,393,26.788377793372845,42.69769484357127,0.031851745011488415,0.9993346226211395
545,109,109,109,23.73865047218097,33.63038586209068,0.1,1
546,109,109,973,26.18158074030542,42.968787364942386,0.030979250013725177,0.9993129146517379
547,109,109,116,28.589722671601297,42.361141593063735,0.03265053698219048,0.9993534578789067
548,109,109,973,28.508671723421184,42.049358325123265,0.03368676308051527,1.4998404541068133
549,109,109,973,26.06816416118532,41.41491576960014,0.03631564000434187,1.4993692216273344
550,110,115,110,28.051419841224178,43.72055433279654,0.028178215437860987,0.9992343792364117
551,110,110,115,28.336648794087104,42.59471386178272,0.0318303472695261,0.9993341231864529
552,110,110,115,29.14658130383048,43.66641162925965,0.028176559459751692,0.9992343292905339
553,110,115,396,30.048788518795682,46.101980931522455,0.021305764078693796,0.9989588101543256
554,110,115,328,29.67158197798327,43.6369091137218,0.028175305970835656,0.9992342905535172
555,111,111,600,27.906215968816582,42.236828203989525,0.03341883872290627,0.9993705908259738
556,111,111,957,21.11084613723447,42.37271061089807,0.03647540441103814,0.9994289171000114
557,111,616,902,26.29771951022242,41.30116272674097,0.037567325529590447,0.9994458708426113
558,111,111,616,22.39596790104511,37.66034106041567,0.06000408002574094,0.9995997923503608
559,111,111,688,28.64742216130442,42.63303610857954,0.031825266754327335,0.9993340044425233
560,112,112,522,23.706745350003242,34.456369445445546,0.08571435733213298,0.9996842827972133
561,112,112,69,25.80509722858673,42.59313307597701,0.03306529735175495,0.9993628344607532
562,112,991,994,29.2284030798494,42.22056021023867,0.0330495905318965,0.9993624816866891
563,112,112,2,25.840535154922488,42.46097844202443,0.033049409357960614,0.9993624778121959
564,112,462,858,28.592780636792344,42.59169088843933,0.031838728540146924,0.9993343206373465
565,113,113,113,24.597499702475055,33.60747259810907,0.1,1
566,113,113,304,27.78430546777845,36.4388640419414,0.06618083121051252,0.9999218303748612
567,113,113,988,29.39637412521047,43.362404903713625,0.02903526900144996,0.9992599403038122
568,113,988,113,26.016974713595186,42.71087510644343,0.03183771213504752,0.9993342951862334
569,113,113,125,29.091730335031684,41.98533383649894,0.033917095057860204,0.9993812017902891
570,114,114,971,28.10643037238513,43.45745224270566,0.02887660081632831,0.9992553206068043
571,114,114,58,27.490674021793335,42.52438108224411,0.032298163544724694,0.999345283083272
572,114,113,61,29.16897631195367,42.552941714661365,0.03184388516758005,0.9993344410421872
573,114,114,113,28.611574116706816,42.59391133867234,0.031837192704105406,0.9993342848315274
574,114,114,71,27.192814206959227,42.63351703675493,0.03183364174233884,0.9993342001527783
575,115,115,110,25.71379601612222,42.77137059075866,0.031837204128281636,0.9993342833692245
576,115,115,110,26.263864626335476,42.70245274638215,0.03183773522285978,0.9993342974969581
577,115,115,110,22.294017602453454,40.792423044182144,0.041634898636922414,1.4998052692392447
578,115,115,110,24.812517219324235,42.638843544378496,0.03254290801184849,0.999350978104323
579,115,115,110,29.05481143881838,42.55886224498062,0.0318438079334333,0.9993344375355705
580,116,116,69,25.311570297191267,42.41303790717576,0.03305648530133806,0.9993626290105319
581,116,116,116,26.214008405895363,33.36320663630405,0.1,1
582,116,116,108,28.0003730638966,42.63562969542704,0.03184153426692286,0.9993343861410634
583,116,116,973,28.525757327601326,42.574668842484506,0.03183923910898965,0.9993343308439836
584,116,116,56,27.928855079679153,41.24018893528307,0.03719667770155377,0.9994403359190472
585,117,117,117,27.92751987498754,33.02440216156261,0.1,1
586,117,117,107,25.120183334156735,39.76249207577082,0.045834198523037856,0.9996417493577415
587,117,117,116,17.115183190478163,36.130691551066,0.1,0.9983898718697338
588,117,117,117,22.63766814945637,33.80563018326647,0.1,1
589,117,117,117,22.14330766276669,33.659056430046206,0.1,1
590,118,118,467,23.78658206033622,39.39751556528837,0.048040916875348894,0.9995431278585172
591,118,121,118,29.10345757835216,42.2124066716338,0.03304655001119295,0.9993624166831498
592,118,118,123,25.730593454065183,42.41486908631956,0.0330491744184438,0.9993624727996377
593,118,118,121,26.16610824988779,42.73413629519191,0.031844029659572906,0.9993344426448061
594,118,532,738,29.35665882828731,42.56263113372608,0.03183168110294001,0.9993341560477663
595,119,119,120,24.605733501951015,42.5435707025086,0.03304470341232344,0.9993623772283533
596,119,119,79,29.188195993860923,42.54907238973678,0.03184097401081356,0.9993343713784811
597,119,125,124,27.609521386585385,42.37720996729589,0.033052801643778815,0.9993625503183469
598,119,119,118,28.88165601644317,42.23949775367889,0.033059095633059546,0.9993626847392628
599,119,119,31,27.62252796878542,43.04971560311994,0.03039036532244595,0.9992975599324228
600,120,12,120,27.75408136423509,44.01911843275173,0.027110560377947412,0.9992003939698328
601,120,120,306,28.744800955325896,42.23178244607793,0.03304966056854614,0.9993624832049255
602,120,120,119,24.967327216293405,45.44106588162947,0.023410928507110344,1.4990033204611684
603,120,119,112,27.276877599143063,33.44294989844295,0.1,0.9986917440232718
604,120,120,119,22.9710413293858,36.201542610782234,0.07282528898868076,1.4999454354949913
605,121,118,121,23.947094870165643,42.88211246311099,0.031844697966878846,0.9993344582509607
606,121,121,124,28.752742451088903,42.2380807728685,0.0330573458211155,0.9993626473926568
607,121,119,76,25.505244149045716,42.80657084343753,0.031843030965046044,0.9993344193433072
608,121,121,616,27.044299142090043,39.009263030001414,0.04970964832371243,0.999888414582248
609,121,762,122,26.17962580807664,43.60360678614295,0.029045044259666326,0.9992602258747532
610,122,122,124,24.718703906449363,41.369376118774724,0.03818016276892784,0.9994545507230457
611,122,122,124,27.962473716738188,41.463746084349786,0.03715898892818339,0.9998508509248508
612,122,122,124,20.533390570672378,40.624031674653764,0.044133477440661595,0.9995161845818819
613,122,122,124,24.963977968216426,42.83648360309271,0.03183060315500679,0.9993341291980861
614,122,122,124,28.68542456795488,42.21311908124224,0.03303732958069049,0.9993622194277942
615,123,123,123,25.75813037020709,33.19862693764656,0.1,1
616,123,123,125,25.094890949993985,41.49445398503736,0.03631157915146803,1.4993691405677847
617,123,123,123,24.561593136340303,33.17085590467683,0.1,1
618,123,123,122,28.204424882670462,32.90680768096514,0.1,1.5
619,123,123,124,29.04996611099003,38.62820004447018,0.05054922897270045,1.499910453760068
620,124,124,122,28.696404523458913,42.588290083645,0.03184574457624414,0.9993344826584959
621,124,124,932,26.785641102127773,42.73328565456467,0.03183574598347501,0.9993342492783036
622,124,124,119,26.086629015872642,42.705848424341106,0.03184090131800081,0.9993343696877219
623,124,124,882,29.38288724318989,42.388227966694735,0.03253461366123735,0.9993507853684301
624,124,124,122,24.051865991532885,43.07718412303191,0.031849415228273024,0.9993345700430832
625,125,125,116,25.799899175024752,42.470852803543565,0.03304452957399291,0.9993623734896997
626,125,125,120,28.883361348690833,42.585630901566816,0.03184138681182488,0.999334380994969
627,125,125,119,26.589666013129026,37.03465738844625,0.06269253151760208,0.9999193739874542
628,125,125,119,28.986636109493304,42.56030496575123,0.03183676814046844,0.9993342731396416
629,125,125,329,26.38758731025913,42.72621835235707,0.03184087563076798,0.9993343690476422
630,126,126,120,27.967680927858275,41.24889887612392,0.03717144826150456,0.9994399508233139
631,126,126,314,28.040524860246613,40.1937267423652,0.041838287758759946,0.9994963636344769
632,126,126,125,24.28607783759221,33.23124410469687,0.1,1.5
633,126,126,125,23.67151604045642,33.62015173889406,0.09139373117835302,0.9997029681636693
634,126,126,107,22.205849115822105,45.084419324702125,0.025173028184276264,0.999131732558895
635,127,127,128,29.47911186036716,42.227464697360745,0.033048834310766745,0.9993624655519565
636,127,127,141,27.39078349585689,38.19712768984779,0.0539304572672096,1.4999353809861182
637,127,127,128,27.436357505558004,33.02023980100689,0.1,1
638,127,128,21,28.777541099984045,42.568135344714364,0.03183169897242186,0.9993341547359516
639,127,127,128,28.240314028517002,40.21362400068639,0.04162702544312303,1.4998052441275014
640,128,128,127,28.666865499208257,41.947219318028274,0.03420242098256278,0.9993870735687179
641,128,128,127,25.341028995464,41.18488108470167,0.037706206448293686,1.4993939043894284
642,128,128,128,27.109327561591012,33.14664799097094,0.1,1
643,128,128,127,28.671820529409363,42.179556387507375,0.033339630616836764,0.9993688660555555
644,128,128,127,28.0772059172919,42.26749944675507,0.033046795245467664,0.9993624219607505
645,129,132,89,26.39321462710437,42.34424354714764,0.033048864616211863,0.9993624661705995
646,129,129,132,24.961798612774572,36.90808762774668,0.06408258490910229,0.9999203468673433
647,129,129,132,27.61207172177442,42.298178565441646,0.03305488525797868,0.9993625948181366
648,129,129,130,26.065843763997947,40.79655723543617,0.040446297901851044,0.9998316366323023
649,129,129,132,24.236000127632412,43.67482283668248,0.028877343141391232,0.999255342103561
650,130,130,88,23.884397511546066,42.55870390245238,0.033055063229814295,0.9993625986135672
651,130,130,130,25.373798223296333,33.202694114139234,0.1,1
652,130,130,129,25.457904626288684,34.517798290658995,0.08522125455227811,0.9999724977982908
653,130,130,129,22.47279000841388,42.08590475708949,0.03555491028796943,1.4993548521767572
654,130,130,130,24.47195477443632,33.17886015477244,0.1,1
655,131,131,131,28.297769276669587,32.95068267897223,0.1,1
656,131,131,135,29.32996169145667,42.22104577829731,0.03303609702712037,0.9993621930631045
657,131,23,489,26.54584039565774,42.39855645723069,0.03278000611227536,0.999356426499506
658,131,131,141,29.204858487447886,42.282324336817524,0.0327878614225419,0.999356597794178
659,131,131,17,27.546156443554565,42.28636398311351,0.033096839115303076,0.999363506938822
660,132,132,975,26.430078689289346,42.700299099636936,0.03183767795062393,0.9993342944040419
661,132,132,131,18.893154796659136,38.91387964737213,0.05743298595334484,0.9998950304609896
662,132,132,131,29.14336984305292,41.63812122956042,0.03621641939836236,0.9999273508403994
663,132,132,99,23.99847255280717,33.40327767285553,0.1,0.9986548019075125
664,132,132,134,26.190106623532635,42.697153540260366,0.03183525801185873,0.9993342378969163
665,133,133,142,29.116234554364002,42.23918447539593,0.0330469981958341,0.999362426248081
666,133,133,30,26.671872325101774,42.33639472148809,0.0330453565534073,0.9993623911897235
667,133,133,59,27.37627093873868,42.44413448463093,0.03254630145421113,0.9993510534093113
668,133,133,12,28.570130170053627,41.83998072444738,0.03450016276829609,0.9993930813490302
669,133,133,50,28.160477383285702,42.272156850118414,0.033052383514693806,0.9993625413477962
670,134,134,99,29.490513782957116,42.84693402338078,0.03076303200971484,0.9993073490116638
671,134,134,134,28.279834382994153,32.986249038721596,0.1,1
672,134,134,99,27.01052370890696,43.26347383598538,0.030023752040636415,0.9992877042960607
673,134,138,131,28.873803388812842,42.58254866678697,0.03184446067300309,0.9993344544563411
674,134,132,131,27.22203050523968,42.350887208542545,0.0330591019925413,0.9993626849160256
675,135,135,85,26.134254441565645,42.72449104494599,0.03183838528323214,0.9993343109441816
676,135,135,142,29.280476811500957,41.968204308898144,0.03401939547594139,0.9996472788179129
677,135,135,135,20.21966044290702,34.92020958593752,0.1,1
678,135,135,50,28.264119243964245,42.59422055810152,0.03183678267359135,0.9993342734346848
679,135,135,135,24.47116364815406,33.41620958386746,0.1,1
680,136,136,136,19.714068720630596,34.143995436631755,0.1,1
681,136,136,86,28.819290476562884,42.23304809184881,0.03306636064271617,0.9993628398705972
682,136,136,8,23.38409189262149,42.957125262125416,0.03183206869813911,0.9993341633756437
683,136,136,100,26.855369697103455,42.30671389981757,0.0330527574677246,0.9993625493998237
684,136,136,137,23.673633699480806,33.40648232556236,0.1,1
685,137,137,80,28.6245464342661,42.30192669887332,0.033053451320635995,0.9993625642173783
686,137,137,150,27.44860665923965,36.644197693699766,0.06474183600188757,0.9999207934036778
687,137,137,137,34.63563936474104,32.83229184322463,0.1,1
688,137,137,97,23.789634112017506,44.36108294559946,0.02699939601118943,0.9991967087067437
689,137,137,137,24.52005611268899,33.69877219743592,0.1,1
690,138,138,9,30.0344951938284,41.215070409765566,0.037150519153043175,0.9997490518458169
691,138,138,272,29.608874113520372,42.221025490319334,0.03304350482657635,0.9993623515331633
692,138,138,80,33.53358585399548,37.36469951302122,0.058248340277712245,0.9998957206636329
693,138,138,383,27.33233026745868,42.388391988767644,0.03279896758593399,0.9993568397656896
694,138,138,128,28.702209911334066,42.618724503887535,0.03183767866668597,0.999334296142693
695,139,139,141,32.908939640093564,37.61511825213223,0.05665630052976159,0.9998943700281885
696,139,139,141,25.051801585747132,42.527685534313974,0.03279610495865688,0.9993567773946709
697,139,139,141,25.93595596288032,42.79720640124191,0.031840275600813976,0.9993343550353828
698,139,139,143,29.332187020958237,41.99854624226647,0.033892021593450165,0.9993806760538255
699,139,139,97,29.56679246588919,39.829123732577706,0.044090758806196846,0.9998374332656776
700,140,140,142,27.150362436196993,42.65784895117203,0.03183873169949024,0.9993343189768975
701,140,140,142,29.720926638243107,42.56236491343461,0.03183498979352897,0.9993342316294042
702,140,140,141,27.133679562465286,42.31502021501771,0.033047792808842305,0.9993624432264647
703,140,140,12,33.71426796077755,37.35946334897764,0.058228825612759584,0.9998956893961222
704,140,140,141,29.94106314031604,43.32655165883381,0.029198327001710992,0.9992646423109297
705,141,141,142,27.17545182419475,41.352976568578185,0.036312418445038394,1.4993691573027583
706,141,141,142,29.909355443304317,42.44598520752788,0.0323091532861584,0.9993455312100739
707,141,141,143,25.888064005382386,42.431523369761905,0.03280624181336801,0.9993569980664293
708,141,141,137,31.12016032434432,35.74512340884414,0.07289543096695776,0.999945856858482
709,141,141,140,28.93790156256499,42.234775047648,0.033055263705999094,0.9993626028772706
710,142,142,140,29.40125243972262,43.0313098437114,0.03021569409154453,0.9992928913085982
711,142,142,132,28.88466342951581,42.22991727503202,0.033049578964873816,0.9993624814408165
712,142,142,133,28.92156813712253,42.21760976673814,0.03305183866487928,0.9993625297295506
713,142,142,140,27.375652017097487,42.739998354298365,0.03139934279269192,0.9993235218480218
714,142,142,141,29.164309843327135,42.58140656115661,0.031838232462704986,0.9993343073231998
715,143,143,141,29.74106712279012,42.48876340659375,0.03205205630238303,0.9993394584369439
716,143,143,100,23.69905674053073,43.119207741122395,0.03230068615952421,0.9993453400768989
717,143,143,93,22.55792604015209,43.160242120308155,0.031827344027291864,0.9993340530421935
718,143,143,142,28.931906541287894,42.26107244898613,0.03305421028778876,0.9993625804212962
719,143,143,143,23.31777904231217,33.59842532253514,0.1,1
720,144,144,98,29.803536526276755,42.56230163863505,0.031834972881230265,0.9993342312593396
721,144,144,134,23.10367774499841,43.21424062813452,0.03098070974091786,0.9993129508634845
722,144,144,484,28.57407092787563,42.579959962565354,0.03183279002154107,0.9993341802289878
723,144,144,132,25.258635706009287,40.41266122328787,0.042429341577550655,0.9998117256241714
724,144,144,100,28.869660017638864,43.42226625827605,0.028876325587090232,0.9992553127014463
725,145,145,96,25.428533663623263,42.71592651136629,0.0318377775347144,0.9993342984595677
726,145,145,145,28.165417300972592,33.05808518136004,0.1,1
727,145,145,145,28.073863884869787,32.9589683725925,0.1,1
728,145,145,145,25.64669413104671,33.15237518646726,0.1,1
729,145,145,98,28.859846740437757,42.230594538165676,0.03304880189699673,0.999362464806521
730,146,97,100,28.232024792519734,42.83504359307207,0.030981952237349755,0.9993129816944437
731,146,146,181,26.759203673102185,43.58062839210505,0.029177640175160415,0.9992640578009667
732,146,146,21,27.542507055718172,42.55846582994822,0.03205461581120166,0.9993395173328394
733,146,146,23,26.01233002678167,42.4170461309064,0.03305763149284809,0.999362670770124
734,146,146,327,23.84546582550354,41.62124509123516,0.03655843897344542,1.4993736552278303
735,147,148,147,22.41991062965777,33.93738174107562,0.0895627690132288,0.9996966795406055
736,147,147,148,24.802734609888027,41.47081058145278,0.036543654192246845,1.499373385601078
737,147,147,360,26.055407947280088,42.377132399770865,0.033053528602732654,0.9993625658852948
738,147,147,123,19.7469265222259,34.90355725866398,0.08480245902961756,0.9996814661207458
739,147,147,148,25.822796950651913,35.57721760186881,0.07099244356548598,1.4996256008166793
740,148,148,150,28.608327250143077,35.45424267257644,0.07176091988533374,0.9996404058502213
741,148,148,147,29.371118763439455,42.54884251632432,0.03184033563102541,0.9993343564773634
742,148,148,264,28.98439302971958,42.22724859274536,0.0330547142559836,0.9993625912136452
743,148,148,99,30.80210892900198,36.322870904512655,0.06616589390626881,0.9999218092012747
744,148,148,147,30.82946851891263,38.03927808514112,0.05438597082146707,0.9998924584712061
745,149,149,150,24.904815924352008,37.49594194752089,0.05857483617720234,0.9995940197805623
746,149,149,390,29.173162966780644,40.166728494857864,0.042428663396051385,0.9998117237435908
747,149,149,296,29.472248911512086,42.55457536513789,0.031832062378339576,0.9993341632489057
748,149,149,58,29.005808334432437,42.2143679866274,0.03304442312247855,0.9993623712078014
749,149,6,149,29.228334332733045,42.21904615558776,0.03306984149203547,0.9993629314706023
750,150,150,360,27.53488287602572,43.2971502271041,0.0295220215586463,0.9992738311333291
751,150,983,150,21.215717310549817,43.20456231919789,0.03183932941826747,0.9993343329299615
752,150,150,360,28.812075600847578,42.23348406026483,0.03306960502114618,0.9993629264383449
753,150,150,460,27.8029849337184,42.2925464861719,0.033065883939208736,0.9993628470413181
754,150,536,150,26.174275690879263,42.59182489842044,0.032548770328553585,0.9993511081666893
755,151,253,151,27.363282642643153,42.81615495286467,0.031186366122588852,0.999318177536057
756,151,195,251,23.187701839078372,43.17618465395946,0.03140119233959542,0.9993235664507529
757,151,104,201,27.674865216842818,43.52225636321265,0.02887824213275907,0.9992553681269253
758,151,151,174,27.67030037998863,42.30884141739449,0.033083830544005745,0.9993632298547785
759,151,151,195,24.064507669110355,42.88258035871039,0.03182620042787506,0.9993340279904736
760,152,228,971,21.432497821610873,32.16551497255487,0.10403729391705563,0.9997536264247097
761,152,152,867,24.530509639457048,33.31464036090629,0.09340320023601904,0.9997096550047835
762,152,156,152,24.823531581785005,35.32545716531159,0.07673893739491744,0.9996561801456444
763,152,152,152,18.71377963761725,35.33957298665679,0.1,1
764,152,152,157,28.025013796285766,40.89138154984187,0.038911728737695,0.9994642221531133
765,153,153,568,20.75885497551807,42.741996514011305,0.034025346569807435,0.9993834452586192
766,153,153,204,26.950399662932774,42.676714613371054,0.0318303968946599,0.9993341243554984
767,153,153,187,26.840397965788128,42.121234133117305,0.034069380236160546,0.9993843494374125
768,153,153,204,26.049127703170708,42.516359788846074,0.032853141222546796,0.9993580602328459
769,153,265,181,28.582901870825232,42.61195520877053,0.03183735459114726,0.9993342868357445
770,154,154,266,27.66886775854642,42.280973992166786,0.033041570630307576,0.9993623101816296
771,154,154,187,23.599557120439698,42.93206686390813,0.03181448849075225,0.9993337523260997
772,154,154,261,25.63943080953603,39.28631205413339,0.047693948011008375,0.9998644251535095
773,154,154,154,24.34218964279749,33.40933295387324,0.1,1
774,154,154,200,23.827762550102392,37.283540189259334,0.06073798219127344,0.999602278401386
775,155,155,154,29.358173081131245,42.558887876508294,0.031844550231788,0.999334454807441
776,155,155,204,26.85443847301641,42.650778458582806,0.03184529478697214,0.9993344738786017
777,155,155,155,18.02151922147128,35.16070315727558,0.1,1
778,155,155,204,23.764226365748208,43.283346807842314,0.030776567713700964,0.9993076940349384
779,155,204,182,26.12315721533236,42.80840229910745,0.031612357618178204,0.9993287933423757
780,156,156,219,28.65927549011619,36.46009297159797,0.06621491706953983,0.9999218428588537
781,156,156,152,29.141800847893535,43.2946573380689,0.02942924444064203,0.9992712159962447
782,156,156,215,31.058477644516596,39.24207576828389,0.047146270847812144,0.9998861310108019
783,156,166,215,25.55155439509501,42.409224603238435,0.0330661063666111,0.999362834422113
784,156,156,157,28.63137169380331,42.24516712527962,0.033045591674663345,0.9993623961828988
785,157,157,230,28.241890185407716,41.12242417814273,0.037751280070482375,0.9994485336072707
786,157,157,152,29.399558677413946,37.48365872311703,0.05831179531825628,0.999895778911431
787,157,157,259,26.932480704208828,42.66546127039807,0.03183880732782475,0.9993343206961047
788,157,157,152,20.711139824139675,38.97150501474599,0.05417493415712833,1.4998697181257512
789,157,157,259,28.778276762250584,42.302014746041394,0.03282834067326686,0.9993575132637901
790,158,158,158,26.95122423074774,33.05310098051333,0.1,1
791,158,158,253,28.245467959984808,43.16292215001886,0.030031598560110798,0.9992879128889423
792,158,245,195,28.30000853773626,42.59167309727526,0.031842099221802755,0.9993343975955823
793,158,227,268,24.376294756334946,35.22901097378008,0.07670126686620328,0.9996559810392132
794,158,158,235,17.34410691355278,34.8054147737127,0.0931695253223543,0.9997087912441432
795,159,159,163,28.185701495194998,39.82545872506665,0.0436916067435798,0.9995126331562472
796,159,159,274,24.388002509644306,42.8949058370732,0.03182647242342626,0.9993340326049596
797,159,211,159,21.88818951220872,43.09105575822858,0.032072532563768866,0.9993399313566604
798,159,159,211,27.608691858873723,43.55686130034076,0.028882318798715022,0.9992554859214066
799,159,159,211,26.332684437422632,36.67698319458749,0.06616641077988247,0.9999218099347602
800,160,160,232,28.213625476759916,42.400870883833555,0.03252949147692802,0.9993506715920992
801,160,169,676,24.169603748384965,37.14028760566403,0.061364674701860814,0.9996048828819855
802,160,160,231,24.682511062154582,42.56496425219373,0.033039658821023464,0.9993622693060576
803,160,160,228,26.81633607244113,42.79883195363257,0.03158901210289972,0.9993282314867519
804,160,160,160,27.10210980751109,33.23751099986162,0.1,1
805,161,161,264,28.597897932687033,42.59616509670359,0.0318341432505899,0.9993342118559639
806,161,161,172,22.576535686953868,39.89660849785335,0.045905400208699904,0.9995292781021834
807,161,161,162,24.620114757259564,42.85150404355213,0.03183695561492681,0.9993342775366814
808,161,161,164,27.40540754170926,42.65894693302734,0.03183433607126898,0.9993342163478697
809,161,162,166,29.304704515538383,42.567380520288836,0.03183516643320232,0.9993342357613112
810,162,273,178,26.998854074832295,42.71864425218885,0.031831334057723114,0.9993341462612612
811,162,162,167,23.32833773430847,43.59522776265324,0.029516193415695325,0.9992736704904289
812,162,166,162,27.144848999271886,42.372036463946884,0.033044918741621465,0.9993623818332084
813,162,162,166,22.536998148091918,43.07839567046082,0.031842331714217,0.999334403013739
814,162,162,166,28.869047208863456,42.56436852207932,0.03183978685545412,0.9993343436138722
815,163,213,207,26.84942054173399,37.03734431276745,0.06140634417526877,0.9996051170241826
816,163,163,168,26.68170611082006,41.3832239186246,0.03676943791034763,0.9994336802302279
817,163,163,237,28.201136288719088,36.294794028888866,0.06553818588082042,0.9996197586122445
818,163,163,168,28.441724671964785,42.25116492614008,0.03304799026738003,0.9993624474739724
819,163,209,236,28.117627886801884,42.54234971325516,0.03229631440573528,0.9993452413490531
820,164,162,166,28.71106653225616,42.22378684396006,0.03304259927445176,0.999362332188347
821,164,164,165,27.245735166300086,42.38592601332229,0.032793336864557945,0.9993567171216989
822,164,164,214,21.923559450228538,43.366994745354184,0.03330811295462012,0.9993681999597953
823,164,164,210,29.622198117707164,44.71833549356341,0.024900523073833707,0.9991212623360252
824,164,164,236,25.884586206496913,42.4106220314366,0.03304052634921876,0.9993622878521243
825,165,234,165,25.002211329313283,43.7577337056358,0.028649833775808747,0.9992486226857287
826,165,165,234,27.26436489896176,41.59409804455408,0.035718371323856864,0.9994159858578927
827,165,236,163,29.52190997356517,44.69906392845826,0.025013166903391903,0.9991256151672976
828,165,214,234,23.339578618201003,43.0010744082103,0.03183852942565469,0.9993343142533573
829,165,165,237,26.341072791306473,42.39357460589156,0.033032500145224096,0.9993621160687326
830,166,493,38,19.204288042080428,31.748492257171385,0.10521408833908773,0.9997602468367446
831,166,161,166,27.874751344164842,39.907137488425214,0.04322151620170483,0.9995087583735045
832,166,166,162,25.991814316608707,40.55624666877627,0.041325724778351156,0.9994913736280794
833,166,168,179,27.14251404149892,33.83087250120457,0.08642907608174481,0.9996866283144373
834,166,166,167,29.90288380620069,43.01624412789237,0.030213735401474283,0.9992928365381424
835,167,167,233,25.73607626312553,34.11973183483816,0.08568595291946718,0.9996840513621792
836,167,166,166,24.261408289147283,33.4088832115169,0.1,1
837,167,167,164,22.063464301114948,35.16452360208482,0.0792119810108715,0.9996639276869749
838,167,166,167,28.390274900502327,43.66535145209278,0.028183730348396187,0.9992345476289961
839,167,167,157,20.709710677245194,32.20179045253241,0.10394171706655161,0.9997531977239864
840,168,168,236,24.31792926150703,42.87258358398028,0.031834459309455436,0.9993342192433149
841,168,168,163,20.83652598189028,43.45889730278725,0.031835916138540414,0.9993342532345495
842,168,159,101,27.641844846129203,42.41681321767948,0.0325304847153978,0.999350702309841
843,168,245,180,27.37237705063889,42.645191522125884,0.031838192225991165,0.9993343081352011
844,168,168,213,24.142658574224107,34.81646753426401,0.08523125910054573,0.9999725092568847
845,169,169,249,28.04240206072723,42.92250002074647,0.030861319653504426,0.99930988836846
846,169,176,169,29.37303976776112,42.22969972831294,0.033060429700317834,0.9993627132454882
847,169,169,222,26.928940154766963,36.98141582800499,0.061311485445301524,0.999604583722363
848,169,169,840,27.302473317792977,40.71936708358092,0.039478482799581736,0.99947116088081
849,169,169,169,21.940548596996884,33.65859063620394,0.1,1
850,170,177,170,26.911098158976216,42.14164054239148,0.034206713968020296,0.9993871587692893
851,170,170,202,27.684530833395208,42.279550359644425,0.033054476973934155,0.9993625860813897
852,170,170,175,28.55108046390683,41.19369116445527,0.03716429368422073,0.9994398411476714
853,170,170,177,28.749728215337853,42.03726845202654,0.033879933875191545,0.9993804335600063
854,170,170,226,28.28873152381489,42.25144537261031,0.033049852375757686,0.9993624873257575
855,171,171,211,26.81362578431385,42.6827138256699,0.03183388763243785,0.9993342059040595
856,171,171,180,24.852310963737388,42.80017209259042,0.03183607619882902,0.9993342587043794
857,171,171,184,29.21389391530202,42.547899281886046,0.03182737384981027,0.9993340536997157
858,171,171,349,28.348425035372536,42.628962234445716,0.03184419479241259,0.9993344464925353
859,171,522,236,29.06598011731566,42.576612937443485,0.031841634626346045,0.9993343867519264
860,172,172,158,26.257416104972727,42.37307432812588,0.03307048628960073,0.9993629452347389
861,172,172,291,26.249837814452135,42.433390583109386,0.03279503772048487,0.9993567541453353
862,172,171,172,28.276052838725224,42.59341841320304,0.03184561808574744,0.9993344797429038
863,172,172,171,27.135678552065304,42.815619227856146,0.0316003791406069,0.9993285089818251
864,172,172,249,28.28863833331318,41.795719956839974,0.03484861204475859,0.9993998878958529
865,173,173,253,29.697826424850682,35.69190128023522,0.07179131296925445,0.9999451895913632
866,173,173,97,27.029599504721872,35.89188242396339,0.07337988803730511,1.499945766974189
867,173,173,355,26.377066750951105,42.36642091304197,0.03306470167920523,0.9993628217241421
868,173,173,515,26.853374964914792,41.61222392708009,0.036367661578233096,0.9994271378599003
869,173,173,176,21.502203878174274,38.623204022686366,0.05590565194307095,0.9998937418174902
870,174,174,225,27.890440703331425,42.63830459547529,0.031842175423327554,0.9993344011140537
871,174,174,161,28.191871083829597,36.45042927282889,0.0639283353071808,0.9996140022181195
872,174,174,248,23.72903683888449,40.38025506080387,0.04296072353255274,0.9995065255782161
873,174,104,199,28.035861277326294,42.264226878873615,0.03304847292118226,0.9993624577610832
874,174,174,225,29.20004677020318,40.826629669457866,0.03936113362452514,0.9997810251218014
875,175,191,192,25.275809043396894,44.11772366698632,0.027113963423138078,0.9992005063290722
876,175,175,202,22.797043661720096,35.26073315400152,0.07767725616569081,0.9996590268825506
877,175,175,226,22.697423225580913,33.02614788977688,0.09773150658513997,0.9997257399414006
878,175,175,170,26.81375683774105,43.415986779040495,0.029244390210403832,0.9992659643131521
879,175,189,191,26.361975781469656,38.06864681214525,0.054609747508054286,0.999577304658104
880,176,176,172,29.497520734968056,42.56862597959334,0.03182779899705837,0.9993340636204097
881,176,176,188,28.745543075105793,42.310851891252234,0.03281839423520026,0.9993572970080847
882,176,176,159,22.225410461440195,38.20128276590394,0.05658836950465331,0.999585938348027
883,176,176,169,28.775058194938644,42.58199575739036,0.03182488294039549,0.9993339955073361
884,176,176,172,28.008000559463827,41.33756862336139,0.03680108754257123,0.9994341823495816
885,177,177,170,28.752993737444047,44.206125897221014,0.026462436524759794,0.9991784932874526
886,177,181,134,29.202469055731303,42.54558808722863,0.03183637462775903,0.9993342640270432
887,177,177,170,27.281466097349583,44.074395019870806,0.02711489030520867,0.9992005369460332
888,177,177,197,17.98390942041139,38.357570018634725,0.06270592357666965,0.9996098278213156
889,177,170,226,26.94392323891016,42.629723207596115,0.03182611149848415,0.9993340241820948
890,178,178,354,25.54621977046317,42.75078292399873,0.03183564912017663,0.9993342470330694
891,178,178,178,29.020036905478534,33.00934025547083,0.1,1
892,178,178,537,26.49313378503658,42.48396229025705,0.032825729392759816,0.9993574564622465
893,178,178,209,29.533972255419478,34.184387423822244,0.0865120009693771,0.9999732566266505
894,178,178,246,29.83675536087981,39.18691073642738,0.0479118930475905,0.999886816685554
895,179,237,238,27.221180797816448,42.64900645377126,0.031842083296660106,0.999334397228088
896,179,179,180,27.034474235083614,42.82091078441694,0.031171787917283707,0.9993178207681316
897,179,179,179,25.273878370577272,33.26929980109633,0.1,1
898,179,179,180,24.236563621342498,35.74630557803995,0.07337727476136546,1.4999457637471598
899,179,179,180,28.446104083752473,42.64980671829291,0.031601702424401815,0.9993285403863755
900,180,223,205,29.594975474285704,42.57422382433675,0.03183837650771427,0.9993343106793522
901,180,180,179,26.277064094444135,41.158093421812495,0.03812747259997867,0.9994538388027766
902,180,179,245,29.13911016745427,42.21732675805114,0.03305710809967857,0.999362642309375
903,180,180,179,28.99974706460831,42.2153312147728,0.033051420813147374,0.9993625208145921
904,180,179,180,28.67566818633747,42.57693579864206,0.03183574353412191,0.9993342493055485
905,181,181,267,30.255534757628947,45.54359023505488,0.02265039849173483,0.9990255030164515
906,181,181,267,28.924979542910904,43.803676899967186,0.028146240123136556,0.9992333974951271
907,181,181,267,29.013015333995607,42.71025135556464,0.031355587158207715,0.9993224297141338
908,181,267,209,27.577055075226184,42.51153343708391,0.032314033490727465,0.9993456412925446
909,181,181,195,22.087409825843643,43.127793550144716,0.0318337678540621,0.9993342031013972
910,182,182,170,26.950753232537853,40.096626847677086,0.04270793738905714,0.9995043166387786
911,182,182,255,24.315499957421892,42.85170785622701,0.031830044095180476,0.9993341160793702
912,182,182,186,22.754334809740907,42.65637375659779,0.03307153841122755,0.9993629677024023
913,182,182,200,24.114717164729914,43.12687162412145,0.03183460230985395,0.9993342225514719
914,182,182,235,26.1660965232308,42.67393524392077,0.03183051935212668,0.9993341271917677
915,183,183,197,27.842313544010302,41.7030800632131,0.0351979055296827,0.9994065208543433
916,183,183,197,23.589604865985635,33.84641412779201,0.1,0.9981320761977035
917,183,183,181,20.87588669739187,40.592823980697545,0.04356328099358109,0.9995116322522943
918,183,183,183,26.64365160114255,33.241534253060166,0.1,1
919,183,183,189,26.91858582170251,34.70713862378841,0.07920930517725575,0.9996638091467095
920,184,184,191,28.818604428524083,42.564786294572016,0.03183784279276599,0.9993342982936778
921,184,184,191,29.278128275461146,42.56285375658436,0.03183584832991904,0.9993342516742258
922,184,184,192,23.424336600400114,42.934342943358445,0.03182412859136755,0.9993339778710612
923,184,184,175,27.297349851766988,44.70154050065531,0.025169067686099847,0.9991315802539292
924,184,184,191,25.659998255824277,42.77687887493762,0.0318401042424204,0.9993343510710779
925,185,192,203,29.78540904491488,42.230925154867776,0.03306907686809285,0.9993629151741352
926,185,185,186,27.443072461795246,36.59461138798619,0.0642456686485494,0.9996153543397993
927,185,186,175,25.38670929347486,42.75521409032397,0.031835297303532475,0.9993342388094684
928,185,193,194,25.657230253429034,42.48737282793126,0.032792972575450594,0.999356709159128
929,185,185,186,28.984360706477077,42.21351465183566,0.03304963119546923,0.9993624825489167
930,186,186,185,29.28419986456874,42.601740761983535,0.031835681647596814,0.9993342478043021
931,186,201,187,29.032163983100023,42.220992292014344,0.03306242680330291,0.999362755940657
932,186,186,192,27.301655565248556,42.30081713543191,0.033061728793974114,0.9993627409792519
933,186,186,291,24.199924180331777,42.727490376237455,0.03306552584350586,0.9993628220466714
934,186,186,192,28.803674345947282,42.55074693996221,0.03182329182610814,0.9993339582897766
935,187,201,187,23.69266840801744,44.233921967169294,0.027381307497196188,0.9992092505507592
936,187,187,186,28.060125766786193,42.26147427335973,0.03306512935905238,0.9993628309212776
937,187,187,585,22.71261916512161,44.29782140019373,0.0275020233819437,0.999213146222737
938,187,187,201,22.557295573988373,43.91234238445199,0.028879859755185717,0.9992554147923232
939,187,201,187,25.961198812107988,44.334360386049774,0.02650278976193909,0.999179888094524
940,188,198,188,26.830819397296402,35.50827859567606,0.07251952354930637,0.9996427748726592
941,188,188,927,23.542560473332514,33.162594345741155,0.09653147761072618,0.9997209036252303
942,188,188,194,22.20775513322701,36.679706247678745,0.06663270668917207,0.9996235370073844
943,188,188,170,26.488140897386078,47.73137698409421,0.0178024079809158,0.9988578368668793
944,188,188,188,23.75962314634,33.35180698858805,0.1,1
945,189,189,191,24.298169422933004,38.636530768234316,0.052809894674068866,0.9995688917557889
946,189,203,186,26.364904966344398,37.980281449281875,0.05469434990754618,0.9995777428640451
947,189,191,189,22.47529692034872,43.06882035333735,0.031829183812093605,0.9993340959732554
948,189,750,191,29.220194124179756,42.308288135671745,0.03280071032493465,0.999356877706488
949,189,189,191,29.244804101461863,42.222621152505305,0.03307429812529132,0.999363026607878
950,190,190,188,20.40815183840733,34.140814736144506,0.093221699423873,0.9997091282505456
951,190,190,228,23.420107041187435,39.84815098954979,0.04631785664090895,0.9995320411266159
952,190,190,188,22.147912943292077,36.30574249992814,0.07195026511721074,0.9996408129608009
953,190,190,203,29.085599866630453,42.54192019280477,0.03180954953737652,0.9993336384476007
954,190,190,198,27.166507885634907,41.356037784103975,0.03716507186670002,0.9994398530953952
955,191,191,184,29.173277253666924,42.55309785632383,0.03184503561219492,0.9993344661252856
956,191,191,185,24.468838435328315,42.52251134114274,0.03306876473863268,0.9993629085017828
957,191,191,184,29.633285618041,40.1521080465419,0.042601489139745735,0.9998351591779212
958,191,191,184,25.057209342312827,42.767360936173624,0.0318321690702264,0.9993341675033001
959,191,191,189,24.038350499800107,42.63781704647375,0.03306852581330338,0.999362903388628
960,192,192,186,27.784302967202493,42.6906743132161,0.031834333044821715,0.9993342162589106
961,192,192,203,29.354520093389937,42.56400154281468,0.031831760285311324,0.9993341579265838
962,192,192,183,23.37635869509658,42.90115890929446,0.031837571301762645,0.9993342936965703
963,192,192,233,29.153030404310044,42.74446994538221,0.03118367073502752,0.9993181116486145
964,192,24,189,27.892412570105122,42.652637033855655,0.031846141600391044,0.9993344919755114
965,193,187,193,25.993692917386426,42.45042144091863,0.03306475592319661,0.9993628229074479
966,193,193,186,29.062041637179785,42.21761687510074,0.03305098958215241,0.9993625287246889
967,193,229,177,26.71731725295041,43.6122063515431,0.028882583443915907,0.9992554935619231
968,193,182,196,23.562678433038364,42.28439929925838,0.03484165569956777,0.9993997571708195
969,193,193,192,29.10769723330462,42.848395334362024,0.030775231664990403,0.9993076604677353
970,194,194,153,28.530439076795705,39.50855642981124,0.044953077383931526,0.9995223472298215
971,194,194,629,21.79402353864456,32.15076033018581,0.10294080184864392,0.9997481935308739
972,194,186,153,29.615231144697276,43.32211875316727,0.029305062421904376,0.9992676952390044
973,194,194,153,21.27295881461189,37.25482763314791,0.06670233291584957,0.9999221983011943
974,194,194,153,23.622434347910094,34.35468032338408,0.08537001394021793,0.9996829931160678
975,195,195,245,29.343120687042074,42.11101539477057,0.03351902244550123,0.9993727605941959
976,195,195,267,25.735822415656806,42.90727719569236,0.03134157556429662,0.9993220804691421
977,195,195,496,24.9543336689258,43.30850628707673,0.030213163440562307,0.999292821542147
978,195,195,264,29.73340079367346,43.98618428569623,0.02711025848476052,0.9992003838977025
979,195,179,33,28.975407515847497,42.588364347409744,0.031842289972970665,0.9993344020455257
980,196,217,169,27.601467533102134,43.57313195534445,0.02861243730910711,0.9992475134038281
981,196,366,182,27.7000005661251,42.26890448172834,0.0330505625603037,0.9993625024775421
982,196,196,197,21.253239495055038,42.90069147284367,0.03305074062960868,0.9993625062448346
983,196,265,182,23.185637309389957,42.56476604665082,0.03305302254015968,0.9993625550274987
984,196,233,196,27.03223504125244,42.64997627000526,0.03183886829693859,0.9993343239266158
985,197,197,266,27.882423261036,42.263046027013836,0.03304097187634183,0.9993622973781364
986,197,197,205,27.15279195902024,43.05680767744077,0.03039400535694871,0.9992976541044095
987,197,198,197,28.370134764397243,42.27789627353027,0.03306219606619118,0.9993627682678164
988,197,197,267,27.245329256745453,42.334676113324896,0.033047813475856364,0.9993624437337182
989,197,197,825,21.350346866923164,43.17281143031816,0.031826678848718926,0.9993340374373512
990,198,198,202,22.901616131064998,42.97115918514614,0.031841923511541484,0.99933439353024
991,198,198,224,23.24180816136569,36.453128372886255,0.06791765652650415,0.9996278136666389
992,198,198,200,26.399919662900135,35.20521144899232,0.07491390389317501,0.99965037576507
993,198,198,197,15.795571817568119,40.3406749319739,0.058182072110516674,0.9997230805999799
994,198,198,233,26.28902257177773,40.119938618897216,0.04292131597058836,0.9995061668991856
995,199,199,197,27.605766459291377,42.277256168446314,0.03304558991299213,0.9993623961579746
996,199,199,197,27.69092862308897,42.712973808453334,0.03160219906669913,0.9993285448265663
997,199,199,706,22.317157784932157,37.36289993478823,0.06145393542185529,0.9996052076077597
998,199,199,454,24.652641395914863,42.981132425436144,0.03183309245195539,0.9993341872789754
999,199,199,233,28.225064718784925,41.27251850856173,0.037023928210790244,0.9994376795057647
1000,200,200,202,26.25500668719377,43.67515941782819,0.028665243683767817,0.9992490846543589
1001,200,200,204,22.852924271788872,42.72670615922302,0.03359506189056535,0.9993743998822197
1002,200,200,249,20.743110138256604,36.510570582447215,0.07067149171429743,0.9996370234316154
1003,200,200,204,29.30651653954868,42.335322844802974,0.032790293936609885,0.9993566428533676
1004,200,200,226,28.28519403714759,42.505388683225256,0.032304135388320915,0.9993454171042172
1005,201,193,187,28.47645368152473,42.30192777260852,0.03291805444458566,0.9993595283102994
1006,201,182,262,28.82572255057476,42.45117787673281,0.03230803430131156,0.999345505994145
1007,201,193,187,28.966637407368157,42.59060346571947,0.0318433992375028,0.9993344279662564
1008,201,201,193,27.248027511446566,39.234070542074654,0.04774020274017976,0.9998645183506163
1009,201,201,187,27.372097883467582,42.64799993504792,0.03185178045606198,0.9993346251698229
1010,202,202,229,25.667333865118223,43.08342584143685,0.030585601114681973,0.9993027124859485
1011,202,182,170,27.6321773352209,42.32042596457079,0.03307537292845746,0.9993630495451301
1012,202,202,196,27.051265583534065,42.375538475401015,0.033043196520251845,0.9993623449937188
1013,202,202,193,29.454932540401554,42.56733172519038,0.03183732846167672,0.9993342862064472
1014,202,202,181,28.29204581816553,42.62556162822853,0.031831186456930206,0.9993341428378028
1015,203,203,202,31.123568774028826,35.56620670494322,0.07290777123283007,0.9999458720434248
1016,203,153,265,30.04186690542599,44.779851901664536,0.024674777276783393,0.9991124108674435
1017,203,203,199,20.674562127745048,43.15072994265396,0.032797477724804576,0.9993567993555459
1018,203,203,229,29.762693168739986,42.551547496203526,0.031825770063076346,0.9993340162015943
1019,203,203,181,29.033379428566114,42.56926739917917,0.03184340607673581,0.9993344280968879
1020,204,204,207,23.34818755481453,43.28060893480719,0.030585999021563177,0.9993027226095759
1021,204,204,155,29.0362454469906,42.5447676221449,0.031831084418676374,0.999334142117061
1022,204,204,155,29.082268180599296,42.21944700734013,0.03306052010322252,0.9993627151645713
1023,204,202,192,26.234463889093156,42.73918218878033,0.03183816319344522,0.9993343057558636
1024,204,204,155,29.90815096925928,40.10874966799208,0.04256749084911752,0.9998350834646536
1025,205,205,101,24.090501173805457,42.94907313594798,0.03183441691084302,0.9993342182499644
1026,205,205,197,28.091157954133138,42.27432431577487,0.03304259158942488,0.9993623320559876
1027,205,256,172,28.3028085237367,42.86379528600907,0.030977267256507648,0.9993128654019406
1028,205,205,219,28.209025649256333,42.58775565137893,0.03184930587896625,0.999334567493437
1029,205,223,205,28.941105502577784,42.256208563684325,0.03306464066478588,0.9993628204440519
1030,206,206,267,26.14958268787587,42.704784173342304,0.03184664464758821,0.9993345054336438
1031,206,206,267,16.51000489456172,44.87675010058386,0.031848021369052126,0.9993345357967877
1032,206,221,824,23.395298146545926,43.596147279282,0.029535221023256664,0.9992742039164904
1033,206,206,221,27.069959719522277,43.017838246177,0.03049985359493679,0.9993004552779575
1034,206,206,103,24.690654068432885,33.59693981799925,0.09001661269971027,0.999698178297996
1035,207,222,207,20.86431375845197,44.33192817484298,0.029522828153048828,0.9992738533717239
1036,207,207,208,29.10113464239767,42.227879521698526,0.03305241242894601,0.9993625420537734
1037,207,207,207,19.4085508248981,35.03664129957425,0.1,1
1038,207,209,294,27.217187602241758,41.99543985560478,0.034190149377027,0.9993868333513671
1039,207,222,207,26.249781666271694,42.66934342689072,0.03230254011262105,0.9993453819557814
1040,208,208,501,27.00703923571726,42.65964846963119,0.03182978436132135,0.9993341100292312
1041,208,284,268,21.58940300212091,43.385703529823076,0.0318263331029128,0.999334029413936
1042,208,208,207,29.330483140852998,42.20576839571501,0.03316162991143693,0.9993649551708208
1043,208,208,207,23.104572118575547,42.989286405666135,0.031828695377007804,0.9993340845964167
1044,208,208,237,26.166775243146922,42.82734139854085,0.03139079420930484,0.9993233158821833
1045,209,209,208,28.732856588504006,42.574936675642945,0.03182768396347592,0.9993340609339159
1046,209,209,163,29.225050493378628,42.55533166636266,0.03183676750741764,0.9993342732149385
1047,209,209,524,23.09779527056111,33.31410786857491,0.1,0.9988811705939239
1048,209,209,206,21.54021541967237,43.119161731221894,0.03182641054552668,0.9993340312459862
1049,209,209,424,28.85137038151563,42.55474607625271,0.03184271593312779,0.9993344119977526
1050,210,210,164,26.47284814533252,45.41010736889734,0.023375545354498702,0.9990583131275833
1051,210,210,163,24.700651575167818,38.78309230297569,0.050955907940174794,0.999559540361766
1052,210,210,210,17.447463594907653,35.45584498073926,0.1,1
1053,210,210,210,18.14762479632987,34.955585878035656,0.1,1
1054,210,210,246,29.256598388738986,43.03194842980972,0.030243563262594843,0.9992936335105106
1055,211,211,165,25.659531286662087,35.57678849781098,0.07305048594632288,0.999644495840352
1056,211,211,262,27.99633838885694,42.61204314022015,0.03183782460303733,0.9993342978165463
1057,211,211,191,29.261247258797795,42.245471296615506,0.033043353314413444,0.9993623483437393
1058,211,211,159,24.47483250805931,44.515533323255845,0.02660912696612295,0.9991835396921182
1059,211,211,211,27.282580450274956,33.20576755747133,0.1,1
1060,212,205,206,24.70933397495979,36.848169156663914,0.06328896659016142,0.9996119148394771
1061,212,212,203,29.266741140488453,42.5711419605839,0.03182669490697112,0.9993340378055491
1062,212,212,212,25.34858743053276,33.23908260173179,0.1,1
1063,212,212,210,23.57028469219221,32.725606362474494,0.09939186386967984,0.9997326340999202
1064,212,212,170,22.943403738930268,42.491813423200455,0.03391367280475048,0.9993811333229461
1065,213,213,206,27.6698360268811,41.328229980131454,0.0373678067896569,1.4999008770129805
1066,213,213,220,22.883369894248492,39.090763654399936,0.049793686958451,1.4998872131034338
1067,213,213,220,28.870125346091218,42.828380659703626,0.0308636056159558,0.9993099602095835
1068,213,220,328,21.349532302056357,33.97485262618894,0.0911126839472244,0.9997017436413662
1069,213,213,209,24.631449578231997,42.92740667301335,0.03253359744012642,0.9993507714423588
1070,214,214,214,26.00815618645406,33.14275829760846,0.1,1
1071,214,214,165,29.03902178793453,42.22292269442323,0.033072472280398856,0.999362987618959
1072,214,214,212,28.749779090624465,43.99820953990159,0.027113136291323697,0.9992004790290857
1073,214,214,164,27.384859245617136,42.2867224124878,0.03305573376029326,0.9993626130124108
1074,214,197,830,28.03560784384971,42.29222480469953,0.03305437416007133,0.999362583915833
1075,215,215,218,29.15789051670484,42.722669490384874,0.03139122460186412,0.9993233262173596
1076,215,215,173,27.295679105354274,37.5867399862767,0.05822183971490935,0.9998956782062914
1077,215,215,217,25.45214515509974,42.796864938043115,0.031830267063417905,0.9993341213112563
1078,215,215,213,22.74296673445693,33.95561854859291,0.1,1
1079,215,215,212,29.07458404029066,42.53979052379184,0.03181110444115548,0.9993336731390914
1080,216,216,219,23.953213966217007,42.63345503459015,0.03307230604867932,0.9993629840743896
1081,216,216,215,20.451334905717378,43.21160917997748,0.033045368948085754,0.9993623914825275
1082,216,216,22,29.556762459014653,42.776822278207845,0.03119059197935021,0.9993182809209624
1083,216,217,247,25.112665856424584,42.7826817066282,0.03183791011564658,0.9993343015386347
1084,216,216,212,26.36726422389934,42.39681472443036,0.03307496314381807,0.9993630407618115
1085,217,217,162,27.7245085438463,41.93581223465304,0.03451897667399183,0.9993934387497919
1086,217,217,912,21.849997235741835,43.05614275234837,0.03183737982463554,0.9993342874496107
1087,217,215,217,29.34501755606152,42.55100050928037,0.03183987922472205,0.9993343475358679
1088,217,217,232,31.9845536396738,38.04640719902182,0.054359464264995175,0.9998924166288169
1089,217,217,219,29.27225622048939,43.98771278074159,0.02711377911849268,0.9992005002489368
1090,218,218,156,23.885595590076882,42.87475181641098,0.03183975987505385,0.999334343056568
1091,218,218,212,20.58765002880383,40.87294924073877,0.043049831141540554,0.9995073436204285
1092,218,218,219,25.014499854608523,42.794255661903655,0.03183410758389235,0.999334212793096
1093,218,218,219,29.194893064499695,42.57580031425369,0.031848741251912484,0.9993345525538021
1094,218,218,230,27.430406892447362,42.61521043572647,0.03184349044262675,0.9993344318328088
1095,219,219,161,28.079797621655658,42.60512419905541,0.03183934050561625,0.9993343349488669
1096,219,219,213,29.313041406548752,42.55040072235752,0.031818403797744976,0.9993338456947765
1097,219,160,220,25.96617451030548,42.72296080496492,0.031828180321277384,0.9993340725345613
1098,219,219,216,20.871142198491356,43.376847369122295,0.031836031283937416,0.9993342560156009
1099,219,219,216,28.031845787738728,42.652939403956964,0.03184065950024044,0.9993343639386113
1100,220,220,205,25.33129048426006,42.7159324170124,0.031830075919775554,0.9993341168485841
1101,220,220,355,27.960471625632767,42.35944036710868,0.03279220110772242,0.9993566923596056
1102,220,205,256,25.42724178709107,42.46856912878626,0.03306058236002776,0.9993627165295552
1103,220,220,329,16.81151780420106,36.517633371543056,0.08044024047385138,0.9996673256162122
1104,220,230,219,29.52087105388854,42.56145920257724,0.03184083398057083,0.9993343698279518
1105,221,221,206,27.586045126004596,43.75349712644622,0.028051231388183506,0.9992304658422746
1106,221,189,221,20.962463677171556,34.04121995477074,0.1,0.9986287470410113
1107,221,221,206,29.111643580042582,33.2197068704071,0.1,0.9981905568510067
1108,221,221,177,20.064986090922755,33.11637793773244,0.09929092601178281,0.9997318365805542
1109,221,267,221,27.03097200371008,42.62045935136078,0.03184053820769676,0.9993343612150322
1110,222,222,216,24.56029995562133,41.176035400377984,0.038827933343992295,0.9994631558456599
1111,222,222,257,24.510770588389448,41.274453812495736,0.03838573288375308,0.9994573472634091
1112,222,222,257,24.683697616233246,40.80765240154098,0.03911858529383678,1.4994168634301352
1113,222,222,169,27.722851308156308,41.09417302272524,0.03784887533846552,0.9994499306467526
1114,222,222,222,21.00443469859297,33.870082781884356,0.1,1
1115,223,223,227,24.699141587974665,41.48242258953953,0.03719786062338929,0.999440353992905
1116,223,223,833,25.532479395370693,42.85663974766163,0.03183860549127024,0.9993343160486189
1117,223,223,227,25.814172917350618,42.727452183453664,0.031838386754173324,0.9993343126701608
1118,223,223,197,26.901298225062682,43.5671367805771,0.028915095280368997,0.9992564457602814
1119,223,191,876,25.88855893166478,42.732413542883336,0.031832917030904476,0.9993341849858748
1120,224,224,811,28.939846117097638,42.26930010438856,0.03305503652816142,0.9993625980421399
1121,224,642,577,20.10112340617592,43.771778492064854,0.030978928709221518,0.9993129066453073
1122,224,224,579,25.915921779193944,43.5611814381376,0.028870939046543795,0.9992551569283906
1123,224,224,197,28.325618500537338,42.614833942465886,0.03183316371396552,0.9993341889623604
1124,224,224,223,27.41713853694963,42.66217954820269,0.03184583102644298,0.999334484691978
1125,225,225,211,28.592123143644944,41.92534368120306,0.03417481757183814,0.9993865339372578
