../res/model_vgg19_atk_fgsm_opt_optimize_alpha_0.1_beta_0.0392156862745098_N_20_l1_0.01_l2_0.01_s_a_0.0005_s_b_0.0001_beta_max_0.0784313725490196.txt,0.9822,18.623650421189986,36.61699314543098
../res/model_resnet50_atk_fgsm_opt_optimize_alpha_0.1_beta_0.0392156862745098_N_20_l1_0.01_l2_0.01_s_a_0.0005_s_b_0.0001_beta_max_0.0784313725490196.txt,0.9606,18.687273124899423,36.40107993330605
../res/model_alexnet_atk_fgsm_opt_optimize_alpha_0.1_beta_0.0392156862745098_N_20_l1_0.01_l2_0.01_s_a_0.0005_s_b_0.0001_beta_max_0.0784313725490196.txt,0.9968,18.358827805815892,36.442822957762225
../res/model_densenet201_atk_fgsm_opt_optimize_alpha_0.1_beta_0.0392156862745098_N_20_l1_0.01_l2_0.01_s_a_0.0005_s_b_0.0001_beta_max_0.0784313725490196.txt,0.9516,18.656494607637722,36.27619391820308
../res/model_mobilenetv2_atk_fgsm_opt_optimize_alpha_0.1_beta_0.0392156862745098_N_20_l1_0.01_l2_0.01_s_a_0.0005_s_b_0.0001_beta_max_0.0784313725490196.txt,0.9952,18.723302367790794,36.883051222176476

../res/model_vgg19_atk_ifgsm_opt_optimize_alpha_0.1_beta_0.0392156862745098_N_20_l1_0.01_l2_0.01_s_a_0.0005_s_b_0.0001_beta_max_0.0784313725490196.txt,0.9982,16.799692443944803,33.99228946575037
../res/model_resnet50_atk_ifgsm_opt_optimize_alpha_0.1_beta_0.0392156862745098_N_20_l1_0.01_l2_0.01_s_a_0.0005_s_b_0.0001_beta_max_0.0784313725490196.txt,0.9962,16.277581306594758,33.44317537732245
../res/model_alexnet_atk_ifgsm_opt_optimize_alpha_0.1_beta_0.0392156862745098_N_20_l1_0.01_l2_0.01_s_a_0.0005_s_b_0.0001_beta_max_0.0784313725490196.txt,0.9994,17.440524902983167,34.6646165680546
../res/model_densenet201_atk_ifgsm_opt_optimize_alpha_0.1_beta_0.0392156862745098_N_20_l1_0.01_l2_0.01_s_a_0.0005_s_b_0.0001_beta_max_0.0784313725490196.txt,0.9938,16.158612905586185,33.31475759632923
../res/model_mobilenetv2_atk_ifgsm_opt_optimize_alpha_0.1_beta_0.0392156862745098_N_20_l1_0.01_l2_0.01_s_a_0.0005_s_b_0.0001_beta_max_0.0784313725490196.txt,0.9998,16.94931008571785,34.25336351289128

../res/model_vgg19_atk_ifgsm_opt_optimize_alpha_0.1_beta_0.00784313725490196_N_20_l1_0.01_l2_0.01_s_a_0.0005_s_b_0.0001_beta_max_0.03137254901960784.txt,0.9976,13.48771035847502,33.46488973966562
../res/model_resnet50_atk_ifgsm_opt_optimize_alpha_0.1_beta_0.00784313725490196_N_20_l1_0.01_l2_0.01_s_a_0.0005_s_b_0.0001_beta_max_0.03137254901960784.txt,1.0,13.668872869252356,33.63075284769802
../res/model_alexnet_atk_ifgsm_opt_optimize_alpha_0.1_beta_0.00784313725490196_N_20_l1_0.01_l2_0.01_s_a_0.0005_s_b_0.0001_beta_max_0.03137254901960784.txt,0.9998,13.252827698383891,33.221913986647145
../res/model_densenet201_atk_ifgsm_opt_optimize_alpha_0.1_beta_0.00784313725490196_N_20_l1_0.01_l2_0.01_s_a_0.0005_s_b_0.0001_beta_max_0.03137254901960784.txt,1.0,13.738935911792977,33.65845628311998
../res/model_mobilenetv2_atk_ifgsm_opt_optimize_alpha_0.1_beta_0.00784313725490196_N_20_l1_0.01_l2_0.01_s_a_0.0005_s_b_0.0001_beta_max_0.03137254901960784.txt,1.0,13.667611838267069,33.63233478328768

../res/model_vgg19_atk_fgm_opt_optimize_alpha_0.1_beta_1_N_20_l1_0.01_l2_0.01_s_a_0.0005_s_b_0.0001_beta_max_1.5.txt,0.8998,25.911224620636577,40.655872997353676
../res/model_resnet50_atk_fgm_opt_optimize_alpha_0.1_beta_1_N_20_l1_0.01_l2_0.01_s_a_0.0005_s_b_0.0001_beta_max_1.5.txt,0.8372,25.84667104904571,39.890507467203925
../res/model_alexnet_atk_fgm_opt_optimize_alpha_0.1_beta_1_N_20_l1_0.01_l2_0.01_s_a_0.0005_s_b_0.0001_beta_max_1.5.txt,0.8712,25.78129073120394,40.45106865090866
../res/model_densenet201_atk_fgm_opt_optimize_alpha_0.1_beta_1_N_20_l1_0.01_l2_0.01_s_a_0.0005_s_b_0.0001_beta_max_1.5.txt,0.8014,25.810186486528437,39.522603602057764
../res/model_mobilenetv2_atk_fgm_opt_optimize_alpha_0.1_beta_1_N_20_l1_0.01_l2_0.01_s_a_0.0005_s_b_0.0001_beta_max_1.5.txt,0.9638,25.984772202102885,41.43155478893942

# useless
../res/model_vgg19_atk_fgsm_opt_optimize_alpha_0.1_beta_0.00784313725490196_N_20_l1_0.01_l2_0.01_s_a_0.0005_s_b_0.0001_beta_max_0.03137254901960784.txt,0.9816,19.203047719792337,37.16277021532233
../res/model_resnet50_atk_fgsm_opt_optimize_alpha_0.1_beta_0.00784313725490196_N_20_l1_0.01_l2_0.01_s_a_0.0005_s_b_0.0001_beta_max_0.03137254901960784.txt,0.964,19.281359967924327,37.00936344182716
../res/model_alexnet_atk_fgsm_opt_optimize_alpha_0.1_beta_0.00784313725490196_N_20_l1_0.01_l2_0.01_s_a_0.0005_s_b_0.0001_beta_max_0.03137254901960784.txt,0.9956,19.08852565567689,37.1053720716114
../res/model_densenet201_atk_fgsm_opt_optimize_alpha_0.1_beta_0.00784313725490196_N_20_l1_0.01_l2_0.01_s_a_0.0005_s_b_0.0001_beta_max_0.03137254901960784.txt,0.9528,19.328195577923964,36.91040308738331
../res/model_mobilenetv2_atk_fgsm_opt_optimize_alpha_0.1_beta_0.00784313725490196_N_20_l1_0.01_l2_0.01_s_a_0.0005_s_b_0.0001_beta_max_0.03137254901960784.txt,0.997,19.200825023231214,37.35608624727119

../res/model_vgg19_atk_fgsm_opt_optimize_alpha_0.1_beta_0.00784313725490196_N_20_l1_0.01_l2_0.01_s_a_0.0005_s_b_0.0001_beta_max_0.0196078431372549.txt,0.9786,19.254149293375598,37.22151488991117
../res/model_resnet50_atk_fgsm_opt_optimize_alpha_0.1_beta_0.00784313725490196_N_20_l1_0.01_l2_0.01_s_a_0.0005_s_b_0.0001_beta_max_0.0196078431372549.txt,0.9608,19.339748481346245,37.0910677906949
../res/model_alexnet_atk_fgsm_opt_optimize_alpha_0.1_beta_0.00784313725490196_N_20_l1_0.01_l2_0.01_s_a_0.0005_s_b_0.0001_beta_max_0.0196078431372549.txt,0.9928,19.14480711035342,37.20296543417181
../res/model_densenet201_atk_fgsm_opt_optimize_alpha_0.1_beta_0.00784313725490196_N_20_l1_0.01_l2_0.01_s_a_0.0005_s_b_0.0001_beta_max_0.0196078431372549.txt,0.9504,19.390548529961965,37.00655607980133
../res/model_mobilenetv2_atk_fgsm_opt_optimize_alpha_0.1_beta_0.00784313725490196_N_20_l1_0.01_l2_0.01_s_a_0.0005_s_b_0.0001_beta_max_0.0196078431372549.txt,0.9966,19.20462952183103,37.37068481595897
# useless

# useless
../res/model_vgg19_atk_ifgsm_opt_optimize_alpha_0.1_beta_0.00784313725490196_N_20_l1_0.01_l2_0.1_s_a_0.0005_s_b_0.0001_beta_max_0.03137254901960784.txt,0.9976,18.209272953888938,29.003420946026036
../res/model_resnet50_atk_ifgsm_opt_optimize_alpha_0.1_beta_0.00784313725490196_N_20_l1_0.01_l2_0.1_s_a_0.0005_s_b_0.0001_beta_max_0.03137254901960784.txt,1.0,18.325371158125687,29.089099525170116
# useless

../res/model_vgg19_atk_ifgsm_opt_optimize_alpha_0.1_beta_0.00784313725490196_N_20_l1_0.01_l2_0.05_s_a_0.0005_s_b_0.0001_beta_max_0.03137254901960784.txt,0.9976,17.40430968728918,30.466817490732275

../res/model_vgg19_atk_ifgsm_opt_optimize_alpha_0.1_beta_0.00784313725490196_N_30_l1_0.02_l2_0.05_s_a_0.0005_s_b_0.0001_beta_max_0.03137254901960784.txt,0.9976,16.181702367346613,31.70552555844682
../res/model_resnet50_atk_ifgsm_opt_optimize_alpha_0.1_beta_0.00784313725490196_N_30_l1_0.02_l2_0.05_s_a_0.0005_s_b_0.0001_beta_max_0.03137254901960784.txt,1.0,16.336898734171,31.813719556461752
../res/model_alexnet_atk_ifgsm_opt_optimize_alpha_0.1_beta_0.00784313725490196_N_30_l1_0.02_l2_0.05_s_a_0.0005_s_b_0.0001_beta_max_0.03137254901960784.txt,0.9998,15.874400929911102,31.389859070055465
../res/model_densenet201_atk_ifgsm_opt_optimize_alpha_0.1_beta_0.00784313725490196_N_30_l1_0.02_l2_0.05_s_a_0.0005_s_b_0.0001_beta_max_0.03137254901960784.txt,1.0,16.366434882531486,31.81077590044766
../res/model_mobilenetv2_atk_ifgsm_opt_optimize_alpha_0.1_beta_0.00784313725490196_N_30_l1_0.02_l2_0.05_s_a_0.0005_s_b_0.0001_beta_max_0.03137254901960784.txt,1.0,16.345768348245805,31.840213552748033
