../res/model_alexnet_atk_fgsm_pipline_alpha_0.1_beta_0.0392156862745098.txt,0.9966,8.936071189658403,27.76478874327079
../res/model_vgg19_atk_fgsm_pipline_alpha_0.1_beta_0.0392156862745098.txt,0.98,8.942092150761008,27.766718456770228
../res/model_densenet201_atk_fgsm_pipline_alpha_0.1_beta_0.0392156862745098.txt,0.9432,8.942100564206292,27.768873219682845
../res/model_mobilenetv2_atk_fgsm_pipline_alpha_0.1_beta_0.0392156862745098.txt,0.989,8.942203730160609,27.767026424342983
../res/model_resnet50_atk_fgsm_pipline_alpha_0.1_beta_0.0392156862745098.txt,0.9562,8.942050509283412,27.76816239306829
../res/model_alexnet_atk_ifgsm_pipline_alpha_0.1_beta_0.0392156862745098.txt,1.0,10.42295031949662,28.853274878620734
../res/model_vgg19_atk_ifgsm_pipline_alpha_0.1_beta_0.0392156862745098.txt,0.9986,10.503234638860738,28.907527090816597
../res/model_densenet201_atk_ifgsm_pipline_alpha_0.1_beta_0.0392156862745098.txt,0.9996,10.512377724567202,28.9150153605681
../res/model_mobilenetv2_atk_ifgsm_pipline_alpha_0.1_beta_0.0392156862745098.txt,1.0,10.519446120073754,28.920118358419717
../res/model_resnet50_atk_ifgsm_pipline_alpha_0.1_beta_0.0392156862745098.txt,1.0,10.51429350325522,28.916904407967987
../res/model_alexnet_atk_fgsm_opt_optimize_alpha_0.1_beta_0.0392156862745098_N_20_l1_0.01_l2_0.01_s_a_0.0005_s_b_0.0001_beta_max_0.0784313725490196.txt,0.9968,18.358827805815892,36.442822957762225
