0,0,716,0,515,0,0,0,981,0,327
1,0,389,0,0,0,0,0,0,0,0
2,0,391,0,0,0,0,0,0,0,0
3,0,27,0,0,0,0,0,0,0,0
4,389,391,391,391,391,391,391,391,391,391
5,397,122,1,124,1,1,1,125,1,124
6,1,0,1,1,1,1,1,1,1,1
7,1,327,1,327,1,1,1,1,1,1
8,1,327,32,327,327,327,1,1,327,327
9,1,107,1,1,1,1,1,1,1,107
10,2,575,2,2,2,2,2,2,2,525
11,2,344,2,2,2,2,2,2,2,2
12,2,3,2,2,2,2,2,2,2,2
13,2,317,2,2,2,2,2,2,2,2
14,2,58,2,2,2,2,2,2,2,2
15,2,4,3,4,2,2,2,2,2,4
16,3,148,3,3,3,3,3,3,3,3
17,3,2,3,2,3,2,3,3,3,2
18,3,84,4,109,3,390,2,109,3,109
19,3,391,3,391,3,3,3,3,2,391
20,4,3,4,4,4,4,4,3,4,2
21,3,562,4,396,6,6,4,394,4,65
22,4,317,4,395,4,4,4,4,4,4
23,4,2,4,4,4,4,4,4,4,2
24,3,806,3,608,6,6,3,669,3,806
25,5,562,5,6,5,5,5,5,5,107
26,5,50,5,5,5,5,5,5,5,30
27,5,854,5,5,5,392,5,5,5,854
28,5,397,5,6,5,5,5,397,5,390
29,5,6,5,5,5,5,5,5,5,5
30,6,125,6,6,6,6,6,6,6,6
31,6,828,6,461,6,524,6,604,6,669
32,6,5,6,6,6,6,6,6,6,6
33,6,329,6,109,6,6,6,973,6,109
34,6,488,6,6,6,6,6,6,6,488
35,8,121,7,7,7,7,8,7,8,121
36,7,136,7,7,7,7,7,7,7,7
37,7,86,7,7,7,7,7,7,7,7
38,7,8,7,7,7,7,7,8,7,7
39,7,8,7,8,7,7,7,7,7,8
40,8,84,8,8,8,8,8,8,8,8
41,7,2,7,7,960,121,8,8,7,344
42,8,614,8,8,8,8,8,8,8,8
43,85,126,8,116,60,45,8,82,8,69
44,8,84,8,8,8,8,8,8,8,8
45,9,134,9,9,9,9,9,9,9,9
46,9,85,9,138,9,9,9,9,9,9
47,9,378,9,9,9,9,9,9,9,9
48,9,104,9,9,9,9,9,9,9,9
49,9,360,9,9,9,9,9,9,9,9
50,10,94,10,10,10,10,10,10,10,10
51,10,385,10,97,10,10,10,10,10,33
52,10,131,10,10,10,10,10,10,10,91
53,10,123,10,10,10,10,10,10,10,124
54,10,815,10,815,10,311,10,13,10,815
55,11,395,11,6,11,11,11,11,11,11
56,11,97,11,11,11,11,11,11,11,11
57,11,50,11,11,18,18,11,11,11,11
58,11,10,11,11,11,11,11,11,11,11
59,11,97,11,11,11,97,11,11,11,97
60,12,11,12,12,12,12,12,12,12,12
61,12,319,12,12,12,12,12,12,12,12
62,12,86,12,12,12,12,12,12,12,12
63,12,20,12,12,12,12,12,12,12,82
64,12,658,12,12,12,12,12,12,12,12
65,13,84,13,13,13,13,13,13,13,85
66,13,20,13,13,13,13,13,13,13,13
67,13,303,13,313,16,16,13,13,13,61
68,13,99,13,13,13,13,13,13,13,13
69,13,145,13,145,13,137,13,13,13,145
70,14,131,14,14,14,14,14,14,14,14
71,14,55,14,14,14,14,14,14,14,84
72,14,664,14,14,14,14,14,14,14,84
73,14,17,14,14,14,14,14,14,14,17
74,14,828,14,815,14,14,14,14,14,893
75,15,855,15,15,15,15,15,15,15,113
76,15,429,15,15,15,15,15,15,15,15
77,15,304,15,15,15,15,15,15,15,305
78,387,322,15,91,95,380,15,15,15,91
79,15,11,15,15,15,15,15,15,15,97
80,16,327,16,16,16,16,16,16,16,16
81,16,77,16,16,16,16,16,16,16,16
82,16,893,16,904,315,40,16,94,16,904
83,16,815,16,815,16,16,16,16,19,16
84,16,302,16,16,16,16,16,16,16,16
85,17,320,17,17,17,17,17,17,17,17
86,17,17,17,17,17,17,17,17,17,17
87,17,18,17,17,17,17,17,17,17,17
88,17,84,17,17,17,42,17,17,17,17
89,17,85,17,17,17,17,17,17,17,17
90,18,83,18,18,18,18,18,18,18,80
91,18,84,18,18,18,18,18,18,18,18
92,18,128,18,18,18,18,18,18,18,18
93,18,360,18,18,18,99,18,18,18,97
94,18,8,18,18,18,18,18,18,18,18
95,19,97,19,19,19,19,19,19,19,19
96,19,344,19,87,19,19,19,19,19,344
97,19,326,19,19,19,19,19,19,19,19
98,19,370,19,19,19,19,19,19,19,13
99,19,95,19,19,19,19,19,19,19,19
100,20,80,20,20,20,20,20,20,20,20
101,20,13,20,13,316,13,20,13,13,13
102,20,819,20,20,20,20,20,20,20,20
103,20,36,20,36,20,50,20,36,20,36
104,20,191,20,94,20,334,20,20,20,45
105,21,100,21,21,21,21,21,21,21,21
106,21,18,21,21,17,17,17,18,18,18
107,22,133,21,134,22,22,21,133,22,133
108,21,84,21,21,21,21,21,21,21,94
109,21,100,21,22,21,23,21,21,21,21
110,22,749,22,22,22,22,22,22,22,22
111,677,490,815,815,562,815,795,815,815,815
112,22,647,22,22,21,21,22,434,23,411
113,22,360,22,22,22,22,22,22,22,22
114,22,828,22,22,22,704,22,22,22,563
115,23,8,23,8,23,23,23,8,23,8
116,23,122,23,124,99,390,23,390,23,124
117,23,22,23,23,129,129,23,22,127,127
118,101,363,23,23,101,43,23,23,23,48
119,23,120,23,127,127,127,23,23,23,144
120,24,377,24,24,24,24,24,24,24,24
121,24,206,24,24,24,24,24,24,24,24
122,24,330,24,331,24,24,24,331,24,24
123,24,230,24,24,24,24,24,24,24,24
124,24,39,24,43,24,24,24,24,24,48
125,25,28,25,25,25,50,25,25,119,37
126,25,524,25,25,25,25,25,25,25,25
127,25,30,25,25,25,25,25,25,25,25
128,28,49,28,25,28,25,25,25,25,25
129,25,28,25,25,25,25,25,25,25,25
130,62,394,26,394,26,26,26,394,26,394
131,26,79,25,28,54,26,26,26,26,79
132,26,305,28,28,28,26,26,28,26,30
133,26,58,26,58,26,58,26,26,26,58
134,26,110,26,26,395,26,26,26,26,110
135,27,7,27,27,27,27,27,27,27,39
136,120,952,27,941,27,27,27,237,27,53
137,27,307,27,27,27,27,27,27,27,327
138,27,125,27,27,27,27,27,27,27,1
139,27,123,27,27,27,123,27,27,27,27
140,28,67,28,28,28,28,28,28,28,28
141,28,318,28,28,28,28,28,28,28,28
142,28,67,28,28,28,28,28,28,28,28
143,28,26,28,26,26,26,26,26,26,26
144,25,646,25,25,25,25,25,25,25,25
145,26,109,29,109,26,5,26,116,29,109
146,29,794,29,794,29,29,29,794,29,794
147,29,910,29,850,29,997,29,29,29,850
148,29,1,29,29,29,29,29,29,29,29
149,29,394,29,29,29,29,29,29,29,394
150,32,37,32,32,32,30,30,30,30,30
151,30,31,30,30,30,30,30,30,30,31
152,30,27,30,32,30,30,30,32,30,32
153,30,358,30,30,30,30,30,30,30,30
154,30,43,30,30,30,32,30,32,30,46
155,31,58,31,47,31,307,31,31,31,50
156,119,50,31,38,32,544,31,31,119,314
157,31,39,31,47,31,55,31,31,31,39
158,31,30,31,30,31,31,31,31,31,30
159,31,0,31,31,31,31,31,31,31,31
160,42,36,47,39,307,307,47,47,42,50
161,30,50,30,30,30,30,30,30,30,50
162,32,55,32,31,307,307,32,32,32,61
163,5,600,26,823,52,52,32,600,41,41
164,30,383,31,377,39,39,30,377,307,288
165,34,794,34,794,65,646,34,794,34,794
166,50,18,491,646,791,791,33,792,880,880
167,33,307,33,33,33,33,33,33,33,33
168,34,753,33,34,316,50,33,34,33,112
169,34,109,33,33,33,33,33,33,33,33
170,34,39,34,48,33,33,34,33,34,48
171,33,150,33,150,150,344,2,150,33,150
172,34,50,34,34,34,34,34,34,34,34
173,34,118,34,34,34,34,34,34,34,34
174,34,298,34,363,34,61,34,34,34,34
175,36,30,35,36,82,82,35,35,35,50
176,37,76,35,37,37,37,37,35,37,37
177,35,39,35,35,35,35,35,35,35,35
178,37,125,35,125,305,125,37,125,35,35
179,35,69,35,36,35,35,35,35,35,36
180,36,45,36,36,36,36,36,36,36,36
181,33,988,33,33,33,33,33,957,33,988
182,36,114,36,116,32,304,36,36,30,114
183,34,481,36,36,36,36,36,36,34,36
184,51,48,386,48,385,48,36,36,386,48
185,35,37,37,37,35,37,37,37,37,37
186,37,302,37,37,37,113,37,37,37,37
187,37,774,37,37,37,37,37,37,37,37
188,37,305,37,37,37,37,37,37,37,37
189,37,34,37,37,37,37,37,35,37,37
190,38,290,38,38,38,38,38,38,38,290
191,42,815,38,38,273,273,38,38,38,815
192,38,728,38,126,32,44,38,126,38,71
193,38,715,38,38,45,38,38,38,38,38
194,38,26,38,38,38,38,38,38,38,38
195,39,67,39,39,39,39,39,39,39,39
196,39,49,39,39,47,39,39,39,39,50
197,39,48,39,39,39,39,39,39,39,48
198,39,26,39,26,39,39,39,26,39,329
199,39,58,39,50,61,61,39,44,39,50
200,40,39,40,46,40,40,40,46,40,46
201,40,39,40,46,40,40,40,40,40,46
202,40,46,40,46,312,312,40,40,40,46
203,46,318,46,46,47,47,40,46,46,46
204,40,55,46,55,40,40,40,40,317,390
205,41,815,41,41,41,41,41,41,41,41
206,41,815,41,41,41,41,41,41,41,815
207,41,44,41,41,44,44,41,41,41,44
208,41,28,41,38,41,41,41,41,41,41
209,41,62,41,41,41,41,41,41,41,41
210,42,50,42,42,42,42,42,42,42,42
211,42,805,42,42,42,42,42,42,42,42
212,42,562,42,42,42,42,42,42,42,42
213,42,48,42,42,42,42,42,42,42,48
214,42,27,42,42,42,42,42,42,42,390
215,43,252,43,357,43,337,43,335,43,337
216,43,58,43,61,43,43,43,43,61,61
217,43,32,43,43,32,32,43,43,43,32
218,43,47,43,43,43,43,43,43,43,43
219,39,43,39,43,43,43,43,43,39,43
220,44,50,44,44,44,44,44,44,44,44
221,44,65,44,58,44,44,44,329,44,44
222,44,9,44,63,48,298,44,44,44,63
223,44,50,44,44,44,44,44,44,44,50
224,27,79,44,79,77,77,44,79,44,79
225,45,319,45,45,45,45,45,45,45,45
226,45,79,45,45,45,45,45,329,45,79
227,45,169,45,45,45,45,45,45,45,45
228,45,329,45,45,45,45,45,45,45,45
229,45,15,45,45,45,45,45,45,45,71
230,46,43,46,46,46,46,46,30,46,46
231,46,309,46,46,308,309,46,94,46,309
232,46,50,39,39,46,305,46,46,46,50
233,46,47,46,46,46,46,46,46,46,39
234,49,85,48,48,49,49,39,39,45,45
235,40,652,47,47,40,46,47,47,47,47
236,47,119,47,47,47,47,47,316,31,124
237,47,46,47,46,47,47,47,46,46,46
238,47,44,47,47,47,55,47,47,47,44
239,47,46,47,46,46,46,47,46,47,46
240,48,148,48,876,99,395,48,360,48,562
241,48,45,48,48,48,42,48,48,48,45
242,48,50,48,48,48,48,48,48,48,48
243,48,126,48,48,48,48,48,48,48,48
244,48,329,48,48,48,48,48,48,48,48
245,65,138,49,138,138,138,34,23,977,138
246,49,50,49,50,49,50,49,50,49,50
247,49,428,49,49,49,49,49,428,49,346
248,50,293,49,49,50,50,49,293,50,272
249,49,944,39,49,86,86,50,50,363,363
250,50,284,50,50,50,50,50,50,50,50
251,50,49,50,50,50,50,50,50,50,50
252,50,49,50,49,49,49,50,49,50,50
253,50,562,50,562,49,50,50,50,50,84
254,50,926,50,0,50,50,50,391,50,6
255,51,357,51,51,51,51,51,51,51,51
256,51,26,51,51,51,51,51,51,51,51
257,51,766,51,51,51,51,51,51,51,51
258,51,76,51,73,126,126,51,51,51,73
259,51,223,51,51,51,51,51,51,51,342
260,52,214,52,52,52,52,52,52,52,50
261,53,62,52,52,52,57,52,52,53,52
262,52,357,52,58,58,357,52,357,52,298
263,52,329,52,329,52,26,52,52,52,52
264,53,344,53,344,53,53,53,344,53,344
265,53,52,53,53,53,53,53,53,53,53
266,53,50,53,57,50,50,53,57,53,58
267,53,784,53,816,53,118,53,587,53,816
268,53,50,53,56,53,53,52,52,58,58
269,53,85,53,53,53,53,53,53,53,67
270,54,307,54,114,307,307,54,54,54,114
271,54,61,54,61,54,54,54,54,54,61
272,54,327,54,54,54,32,54,54,54,61
273,45,61,54,54,310,310,54,54,54,61
274,46,944,44,39,57,57,77,77,44,946
275,55,319,55,55,55,55,55,55,55,55
276,55,31,55,55,55,55,55,55,55,31
277,55,76,55,55,55,55,55,55,55,55
278,55,47,55,55,55,55,64,64,55,55
279,64,939,64,55,64,55,64,64,64,55
280,56,109,56,56,56,56,56,56,56,56
281,56,58,56,56,56,56,56,56,56,56
282,56,62,56,56,56,56,56,56,56,56
283,56,893,56,56,56,56,56,56,56,56
284,125,79,56,56,721,79,56,56,56,76
285,57,44,57,57,57,57,57,57,57,57
286,57,66,57,57,57,57,57,57,57,57
287,57,110,57,57,57,57,57,57,57,52
288,57,58,57,57,57,57,57,57,57,57
289,57,56,57,57,57,58,57,57,56,56
290,44,488,67,58,54,82,58,58,44,58
291,58,41,58,44,26,44,58,58,58,44
292,58,845,58,65,58,58,58,58,58,65
293,58,681,58,905,58,58,58,58,905,794
294,58,53,58,58,58,58,58,58,58,53
295,55,40,59,59,46,40,59,59,59,46
296,59,390,59,46,59,55,59,55,55,55
297,59,955,59,55,59,59,59,55,55,55
298,59,828,59,60,47,61,59,61,59,815
299,59,377,59,390,373,373,59,313,313,377
300,60,8,60,82,60,60,60,60,60,82
301,60,58,60,60,60,60,60,60,60,60
302,60,58,63,58,52,61,57,58,60,62
303,61,49,62,62,686,586,62,60,61,50
304,60,363,61,363,48,48,61,61,61,363
305,61,113,61,61,61,61,61,61,61,109
306,61,27,61,61,61,341,61,61,61,61
307,61,822,61,813,61,61,61,61,528,731
308,61,66,61,61,61,61,61,61,61,61
309,61,876,61,843,61,61,61,50,50,50
310,62,75,62,77,62,62,62,61,62,77
311,62,343,62,61,62,62,62,61,62,61
312,62,988,62,62,62,62,62,62,62,62
313,61,62,62,62,56,748,62,62,56,62
314,62,66,62,60,54,67,62,62,62,60
315,63,50,63,50,63,50,63,50,63,50
316,63,327,63,63,63,63,63,63,63,327
317,63,865,63,63,63,490,63,63,63,611
318,63,66,63,63,63,63,63,63,63,54
319,63,114,63,63,63,63,63,63,63,52
320,55,664,46,55,64,46,64,64,55,55
321,64,55,64,64,64,64,64,64,64,55
322,55,64,64,64,64,64,64,64,55,64
323,64,31,64,31,40,46,64,31,64,31
324,64,116,64,64,941,941,57,59,64,64
325,65,44,65,65,65,65,65,65,65,65
326,65,396,65,65,65,65,65,65,65,396
327,983,53,65,65,983,983,65,65,983,65
328,65,58,65,65,65,65,65,65,65,65
329,65,58,65,65,65,65,65,65,65,65
330,66,56,54,61,66,54,66,67,66,56
331,60,41,57,57,68,41,52,57,68,41
332,60,50,68,68,45,45,68,68,68,50
333,68,62,68,62,54,54,68,67,68,54
334,66,329,66,66,66,66,66,66,66,329
335,67,32,54,54,38,38,67,54,54,67
336,68,562,68,60,66,66,67,67,68,54
337,67,646,67,46,67,47,67,64,67,958
338,67,66,67,67,54,68,67,66,67,67
339,67,56,67,67,67,67,67,67,67,67
340,66,428,68,68,68,68,66,68,66,67
341,68,309,68,68,68,68,68,68,68,68
342,68,303,68,68,54,54,68,68,68,67
343,68,67,68,68,68,68,68,68,68,68
344,67,66,67,67,67,67,67,54,67,67
345,69,562,69,69,69,69,69,69,69,69
346,69,17,69,69,69,69,69,69,69,69
347,69,110,69,69,69,69,69,69,69,69
348,50,785,69,490,666,33,415,785,931,785
349,69,469,69,69,69,69,69,69,69,69
350,70,76,70,73,78,307,70,70,70,76
351,70,307,70,317,70,310,70,74,70,307
352,70,122,70,70,70,70,70,70,70,124
353,70,76,70,70,70,70,70,70,70,70
354,70,375,70,77,70,70,70,70,70,74
355,71,395,44,58,124,306,306,395,303,53
356,71,78,71,78,71,134,71,71,71,71
357,71,122,71,124,71,124,71,71,71,124
358,71,124,71,71,71,71,71,71,71,71
359,71,122,71,122,50,50,71,71,71,124
360,72,318,72,72,72,72,72,74,72,74
361,72,304,72,72,74,74,72,72,72,72
362,72,845,72,72,72,72,72,72,72,72
363,72,325,74,74,72,72,72,72,72,74
364,77,58,72,113,30,30,72,30,77,58
365,75,562,75,75,75,75,75,75,75,815
366,73,815,73,73,73,73,73,73,73,73
367,77,78,77,73,77,77,73,73,77,77
368,815,38,73,815,815,815,815,74,815,815
369,73,618,73,73,74,74,73,73,73,766
370,72,318,74,815,307,307,74,316,72,310
371,74,73,74,73,73,74,74,73,74,73
372,815,74,815,815,815,815,815,74,815,815
373,304,74,304,317,310,310,78,74,310,78
374,72,679,74,679,72,72,72,72,72,74
375,75,832,75,73,75,75,75,669,75,75
376,75,311,75,75,75,75,75,75,75,75
377,75,591,75,75,75,75,75,75,75,75
378,75,328,75,852,75,75,75,75,75,328
379,75,76,75,75,75,75,75,75,75,73
380,76,24,76,76,76,76,76,76,76,76
381,124,76,76,76,813,965,76,76,50,124
382,76,317,73,73,76,327,76,73,76,316
383,77,43,77,307,303,43,77,77,307,43
384,76,815,76,76,76,76,76,76,76,76
385,77,73,77,77,77,77,77,77,77,74
386,77,394,77,71,77,77,77,76,77,124
387,77,74,77,74,311,312,77,74,77,74
388,77,391,677,677,677,677,77,77,677,677
389,77,596,77,300,77,77,77,77,77,988
390,78,77,120,120,78,78,120,78,78,73
391,78,295,78,310,78,78,78,78,78,815
392,78,562,305,45,305,305,125,120,677,45
393,78,75,78,75,78,78,78,75,78,75
394,78,312,78,312,303,303,78,78,78,312
395,79,71,79,79,79,79,79,79,79,79
396,79,815,79,70,79,314,79,79,79,78
397,79,486,79,79,314,314,79,79,79,889
398,79,315,79,315,79,79,79,315,79,315
399,79,311,79,79,79,79,79,79,79,730
400,80,218,80,84,80,80,80,80,80,80
401,82,333,81,590,36,36,81,81,82,86
402,80,1,80,1,80,80,80,80,80,8
403,82,327,39,815,81,84,82,94,82,562
404,80,199,80,199,80,80,80,80,80,199
405,81,7,81,81,81,81,81,81,81,81
406,81,280,81,81,81,81,81,81,81,669
407,81,58,81,81,81,81,81,81,81,81
408,81,363,81,82,81,86,81,82,81,33
409,81,791,81,81,81,81,81,81,81,81
410,82,61,82,82,24,82,82,82,82,82
411,81,86,86,86,86,86,86,86,86,86
412,85,988,305,305,67,305,85,113,37,113
413,81,39,135,135,135,135,82,82,81,81
414,82,307,82,82,82,82,82,82,82,82
415,83,357,83,83,83,83,83,83,83,83
416,83,214,83,83,83,83,83,83,83,83
417,83,86,83,83,83,83,83,83,83,83
418,83,7,83,83,83,83,83,83,83,83
419,85,82,83,82,82,82,83,83,83,83
420,84,474,84,84,84,84,84,84,84,84
421,84,489,84,84,84,84,84,84,84,84
422,84,16,84,84,84,84,84,84,84,84
423,84,138,84,84,84,84,84,84,84,138
424,84,84,84,84,84,84,84,84,84,84
425,85,71,85,71,48,48,85,120,85,124
426,81,82,85,85,82,82,81,82,81,81
427,85,142,85,85,85,85,85,85,85,85
428,85,86,85,85,85,85,85,85,85,85
429,85,7,85,85,85,85,85,85,85,85
430,86,435,86,876,12,12,86,86,86,876
431,86,8,86,86,86,86,86,86,86,86
432,86,87,86,86,86,86,86,86,86,86
433,82,483,82,483,825,825,86,483,336,483
434,86,85,86,86,86,86,86,86,86,86
435,87,289,489,87,87,87,87,87,489,24
436,87,806,87,87,87,87,87,87,87,87
437,87,97,87,87,87,87,87,87,87,87
438,87,48,87,87,87,87,87,87,87,48
439,87,62,87,61,12,313,87,87,87,63
440,88,90,88,88,88,88,88,88,88,90
441,88,90,88,90,88,88,88,88,88,90
442,88,90,88,88,88,88,88,88,88,88
443,88,99,88,88,88,88,88,88,88,88
444,88,90,88,88,88,88,88,88,88,88
445,89,134,89,89,89,270,89,89,89,89
446,89,749,89,324,89,89,89,89,89,324
447,89,199,89,89,89,89,89,89,89,203
448,89,688,89,89,89,904,89,89,89,851
449,89,81,89,89,89,89,89,89,89,89
450,90,15,90,90,90,90,90,90,90,90
451,88,90,88,90,90,90,90,90,88,90
452,90,94,90,94,90,90,90,90,90,90
453,90,85,90,84,97,84,90,90,90,90
454,90,561,90,88,90,90,90,491,90,90
455,91,94,91,81,91,815,91,91,16,16
456,91,88,91,91,88,88,91,91,91,91
457,91,40,91,46,91,91,91,91,91,91
458,91,146,91,23,91,91,91,86,91,81
459,85,286,85,293,378,378,91,82,85,996
460,92,9,92,92,92,92,92,92,92,92
461,92,42,92,42,42,42,92,92,92,42
462,92,50,92,777,92,92,92,92,92,777
463,92,96,92,92,92,92,92,92,92,92
464,92,133,92,92,92,92,92,92,92,92
465,93,96,93,96,93,93,93,93,93,96
466,93,145,93,93,93,93,93,93,93,93
467,93,338,93,93,93,93,93,93,93,93
468,93,96,93,93,93,93,93,96,93,93
469,93,237,93,93,93,93,93,93,93,237
470,94,1,94,94,94,94,94,94,94,1
471,94,58,94,94,94,94,94,94,94,30
472,94,19,94,94,94,13,94,94,94,94
473,94,312,94,317,324,324,94,318,311,311
474,94,75,94,489,94,94,94,94,94,316
475,95,94,95,95,95,95,95,95,95,94
476,95,113,95,94,95,95,95,95,95,15
477,95,360,95,94,95,95,95,95,95,95
478,95,815,95,94,95,95,95,95,95,815
479,95,94,95,95,988,988,95,95,95,94
480,96,489,96,96,96,96,96,96,96,96
481,96,174,96,96,96,96,96,96,96,96
482,96,93,96,96,96,96,96,96,96,96
483,96,723,96,96,96,96,96,489,96,96
484,96,93,96,96,96,96,96,96,96,96
485,97,815,97,58,308,308,97,99,97,815
486,137,94,99,141,137,141,97,94,142,142
487,97,562,97,97,97,97,97,99,144,562
488,97,349,97,97,97,97,97,99,97,97
489,97,98,97,97,97,97,97,97,97,97
490,98,97,98,98,98,98,98,98,98,98
491,98,135,98,98,98,98,98,98,98,98
492,98,97,98,98,98,98,98,98,98,98
493,98,137,98,98,98,98,98,98,98,98
494,134,50,134,134,134,134,134,134,134,138
495,99,97,99,99,99,99,99,99,99,99
496,99,20,99,99,99,99,99,99,99,99
497,99,103,99,99,99,99,99,99,99,99
498,99,144,99,99,99,99,99,99,99,144
499,99,305,99,99,99,99,99,99,99,99
500,100,137,100,100,100,100,100,100,100,100
501,100,143,100,100,100,100,100,100,100,100
502,100,137,100,100,100,100,100,100,100,100
503,100,474,100,474,100,100,100,100,100,474
504,100,122,100,100,100,100,100,100,100,100
505,101,223,386,343,101,101,101,101,101,347
506,386,101,101,101,386,386,386,101,101,101
507,101,363,101,363,101,101,101,363,101,363
508,101,23,101,101,101,354,101,386,101,386
509,385,490,385,490,101,101,385,385,101,490
510,102,562,102,102,522,522,102,888,102,888
511,102,334,102,102,102,102,102,102,102,334
512,102,50,102,50,102,102,102,102,102,102
513,102,328,102,328,102,102,102,328,102,328
514,102,334,102,102,102,334,102,102,102,102
515,362,270,342,294,103,270,103,294,103,270
516,103,199,103,199,103,103,103,103,103,188
517,103,537,103,103,280,269,103,103,103,286
518,103,50,103,50,103,103,103,103,103,50
519,103,74,103,126,446,446,103,73,103,73
520,104,113,104,104,104,48,104,104,104,104
521,104,999,104,700,287,287,104,700,104,700
522,104,354,104,104,104,354,104,104,104,354
523,104,330,104,104,350,272,104,330,104,330
524,104,202,104,287,104,104,104,330,104,330
525,105,298,105,105,370,370,105,105,105,105
526,105,489,105,105,105,105,105,105,105,491
527,105,106,105,105,105,105,105,105,105,106
528,105,383,105,383,105,105,105,105,105,105
529,105,383,105,105,105,105,105,105,105,105
530,106,343,106,343,272,269,106,106,106,343
531,106,124,341,363,36,36,106,491,106,344
532,342,330,106,104,106,106,106,106,106,106
533,106,298,106,298,106,106,106,106,106,106
534,106,307,106,106,106,106,106,106,106,106
535,107,312,107,107,107,107,107,310,107,71
536,107,971,107,107,107,107,107,107,107,107
537,107,745,107,827,107,107,107,107,107,107
538,107,920,107,818,107,107,107,107,107,818
539,107,149,107,107,107,107,107,107,107,107
540,108,393,108,108,108,108,328,108,108,108
541,393,108,108,108,108,108,108,108,108,108
542,991,107,991,107,108,108,991,108,991,107
543,108,879,108,108,738,738,108,328,328,328
544,108,393,108,393,108,108,108,108,108,108
545,109,396,109,109,109,109,109,109,109,109
546,109,328,109,109,109,109,109,109,109,327
547,109,116,109,109,109,109,109,109,109,109
548,109,50,109,109,109,109,109,109,109,109
549,109,110,109,109,109,109,109,109,109,109
550,115,110,110,110,115,115,110,110,115,115
551,110,125,110,110,110,110,110,110,110,110
552,110,85,110,110,110,110,110,110,110,110
553,115,396,110,110,115,115,115,115,329,973
554,115,328,110,973,65,65,110,110,110,107
555,111,710,488,488,600,600,111,111,488,488
556,111,470,111,492,111,71,111,1,111,53
557,616,719,902,902,111,111,111,111,78,719
558,111,790,111,107,111,111,111,111,111,111
559,111,688,111,111,111,111,111,688,111,688
560,112,522,112,112,112,113,112,112,112,714
561,112,49,112,112,112,112,112,112,112,112
562,991,994,112,994,989,989,991,994,994,994
563,112,2,112,112,112,69,112,112,112,285
564,462,39,112,857,649,649,112,112,716,46
565,113,112,113,113,113,113,113,113,113,113
566,113,401,113,113,113,622,113,113,113,401
567,113,988,113,988,988,988,113,113,113,988
568,988,113,988,113,952,952,113,113,988,113
569,113,125,113,125,990,113,113,125,113,125
570,114,868,114,464,58,116,114,35,114,725
571,114,58,114,116,114,79,114,30,114,327
572,113,61,113,61,316,71,113,114,114,71
573,114,113,114,113,114,114,114,114,114,113
574,114,119,58,71,79,25,114,71,114,114
575,115,318,115,115,115,115,115,115,115,115
576,115,110,115,115,115,115,115,115,115,110
577,115,110,115,115,115,115,115,115,115,115
578,115,110,115,115,115,115,115,115,115,115
579,115,110,110,110,115,115,110,110,110,110
580,116,76,116,116,116,116,116,116,116,77
581,116,397,116,116,116,116,116,116,116,116
582,116,397,116,116,116,116,116,116,116,116
583,116,212,116,116,116,116,116,116,116,116
584,116,56,116,116,44,116,116,116,116,56
585,117,396,117,117,117,117,117,117,117,117
586,117,828,117,117,117,117,117,117,117,117
587,117,587,117,117,117,117,117,117,117,117
588,117,939,117,117,117,117,117,117,117,117
589,117,37,117,117,117,117,117,117,117,117
590,118,816,118,124,118,118,118,469,118,469
591,121,118,118,118,122,887,118,118,118,118
592,118,41,118,118,489,489,118,123,118,123
593,118,122,118,118,118,118,118,118,118,124
594,532,897,532,532,891,927,532,738,532,406
595,119,120,119,119,119,119,119,119,119,119
596,119,79,123,123,25,25,119,79,119,79
597,125,684,125,327,327,327,125,78,419,327
598,119,118,119,118,119,119,119,119,119,118
599,119,46,119,119,119,119,119,119,119,30
600,12,120,120,120,989,12,120,120,120,120
601,120,305,120,120,75,75,120,120,120,120
602,120,50,120,120,120,120,120,120,120,120
603,119,344,119,125,125,107,120,344,119,344
604,120,397,120,120,120,120,120,120,120,120
605,118,123,121,121,611,611,121,121,121,123
606,121,116,121,124,973,973,121,121,121,124
607,119,76,121,76,61,61,121,76,118,76
608,121,679,121,121,121,60,121,121,121,121
609,762,124,762,118,467,467,118,124,762,762
610,122,310,122,124,124,124,122,122,122,124
611,122,114,122,124,122,122,122,122,122,122
612,122,113,122,124,122,122,122,122,122,988
613,122,125,122,122,327,327,122,124,122,124
614,122,314,124,124,122,122,122,124,124,124
615,123,580,123,123,123,123,123,123,123,123
616,123,109,123,123,123,123,123,123,123,973
617,123,122,123,123,123,123,123,123,123,123
618,123,122,123,123,123,123,123,123,123,123
619,123,365,123,123,123,123,123,123,123,123
620,124,932,124,124,124,124,124,124,124,124
621,124,932,124,932,78,78,124,124,125,932
622,124,327,124,124,124,124,124,124,124,327
623,124,882,823,823,910,910,237,697,610,589
624,124,122,124,124,124,124,124,122,124,124
625,125,116,125,116,125,125,125,125,125,116
626,125,120,125,120,125,119,125,125,125,120
627,125,123,125,125,125,125,125,125,125,125
628,125,357,125,125,125,125,125,125,125,360
629,125,138,125,973,125,125,125,295,125,815
630,126,30,126,126,126,126,126,126,126,124
631,126,8,126,126,126,126,126,126,126,126
632,126,58,126,126,77,126,126,126,126,78
633,126,125,126,126,126,126,126,126,126,126
634,126,107,126,126,126,126,126,126,126,107
635,127,135,127,127,127,135,127,127,127,135
636,127,141,127,127,127,127,127,127,127,127
637,127,128,127,128,127,127,127,127,127,127
638,128,815,128,22,127,21,128,21,21,21
639,127,128,127,127,127,127,127,127,127,127
640,128,127,128,128,128,128,128,128,128,127
641,128,141,128,128,128,128,128,128,128,128
642,128,22,128,128,128,128,128,128,128,128
643,128,127,128,128,232,127,128,128,128,128
644,128,866,128,128,99,99,128,23,85,425
645,132,89,129,129,132,132,132,129,132,89
646,129,134,129,99,129,129,129,129,129,134
647,129,958,129,134,132,132,132,134,132,127
648,129,130,129,129,129,129,129,129,129,130
649,129,725,129,132,129,129,129,129,129,134
650,130,524,130,523,130,130,130,130,130,514
651,130,129,130,130,130,130,130,130,130,130
652,130,129,130,130,130,130,130,130,130,130
653,130,129,130,130,130,130,130,130,130,130
654,130,988,130,130,130,130,130,130,130,130
655,131,9,131,131,131,131,131,131,131,131
656,131,135,131,135,131,131,131,135,131,135
657,23,971,23,971,23,85,23,971,23,971
658,131,562,131,128,131,131,131,131,131,131
659,131,17,131,131,131,131,131,131,131,131
660,132,150,132,390,132,132,132,132,132,65
661,132,137,132,134,132,132,132,132,132,134
662,132,131,132,132,132,132,132,132,132,132
663,132,99,132,132,132,132,132,132,132,99
664,132,84,132,134,132,132,132,134,132,134
665,133,142,133,133,133,142,133,133,133,142
666,133,45,133,133,987,987,133,133,133,50
667,133,55,133,133,133,133,133,133,133,133
668,133,489,133,12,133,133,133,133,133,12
669,133,791,133,133,50,50,133,133,133,30
670,134,97,134,99,134,134,134,134,134,145
671,134,316,134,134,134,134,134,134,134,93
672,134,99,134,99,134,134,134,134,134,99
673,138,131,138,138,134,134,131,131,131,131
674,132,17,132,131,131,131,132,131,132,131
675,135,298,135,135,135,135,135,135,135,135
676,135,142,135,142,138,135,135,142,135,135
677,135,141,135,135,135,135,135,135,135,135
678,135,562,135,135,135,135,135,135,135,562
679,135,85,135,135,135,135,135,135,135,135
680,136,114,136,136,136,136,136,136,136,114
681,136,363,136,136,136,136,136,136,136,136
682,136,8,136,136,136,136,136,136,136,136
683,136,145,136,136,136,136,136,136,136,136
684,136,61,136,136,136,136,136,136,136,136
685,137,293,137,137,137,137,137,137,137,428
686,137,150,137,137,137,137,137,137,137,137
687,137,58,137,137,137,137,137,137,137,58
688,137,97,97,97,97,97,137,97,137,97
689,137,385,137,137,137,137,137,137,137,137
690,138,9,138,138,138,138,138,138,138,138
691,138,294,138,83,293,293,138,138,138,958
692,138,815,138,138,138,138,138,138,138,138
693,138,383,138,138,138,138,138,138,138,138
694,138,136,138,138,138,91,138,138,138,138
695,139,135,139,139,139,139,139,139,139,139
696,139,141,139,139,139,139,139,139,139,139
697,139,141,139,141,139,141,139,141,141,141
698,139,143,139,141,139,139,139,139,139,141
699,139,97,139,139,139,139,139,139,139,139
700,140,142,140,142,140,140,140,140,140,140
701,140,142,140,142,140,142,140,140,140,142
702,140,147,140,140,140,140,140,140,140,142
703,140,308,140,140,140,144,140,140,140,140
704,140,141,140,141,140,140,140,140,140,141
705,141,142,141,141,141,141,141,141,141,142
706,141,142,141,142,98,142,141,142,98,142
707,141,143,141,141,141,141,141,141,141,141
708,141,97,141,141,141,141,141,141,141,141
709,141,140,141,141,140,140,140,140,141,140
710,142,140,142,140,142,140,142,140,142,140
711,142,562,142,142,142,132,142,142,142,134
712,142,133,142,133,142,142,142,142,142,133
713,142,140,142,142,142,142,142,142,142,142
714,142,141,142,141,49,49,131,141,142,141
715,143,141,143,143,143,143,143,143,143,143
716,143,50,139,142,143,143,142,150,139,100
717,143,474,143,221,91,91,143,221,143,568
718,143,142,143,141,139,139,143,141,143,142
719,143,562,143,143,143,143,143,143,143,979
720,144,98,144,144,144,144,144,98,144,144
721,144,130,144,144,144,144,144,144,144,129
722,144,871,460,724,144,144,144,144,144,701
723,144,428,144,144,144,144,144,144,144,144
724,144,100,144,144,98,144,144,144,144,144
725,145,96,145,96,145,145,145,145,145,96
726,145,97,145,145,145,145,145,145,145,145
727,145,525,145,145,145,145,145,145,145,145
728,145,97,145,145,145,145,145,145,145,145
729,145,7,145,7,145,85,145,145,145,721
730,97,357,146,146,801,801,146,146,100,100
731,146,267,146,23,146,23,146,146,146,23
732,146,136,146,146,146,146,146,146,146,146
733,146,39,146,23,336,336,146,146,146,23
734,146,327,99,327,146,146,146,146,148,327
735,148,403,147,147,148,148,147,403,147,403
736,147,148,147,147,147,147,147,147,147,147
737,147,337,147,337,147,334,147,337,147,337
738,147,123,147,122,147,147,147,147,147,123
739,147,611,147,147,147,147,147,147,147,147
740,148,337,148,360,148,148,148,147,148,360
741,148,318,148,148,148,148,148,148,148,337
742,148,184,148,217,148,148,148,148,148,81
743,148,97,148,99,148,148,148,148,148,148
744,148,913,148,148,148,148,148,148,148,148
745,149,921,149,149,149,149,149,149,149,150
746,149,390,149,149,149,149,149,149,149,149
747,149,296,149,149,149,149,149,296,149,296
748,149,58,390,33,67,67,149,54,67,58
749,6,657,6,149,6,6,149,149,6,394
750,150,259,150,259,150,150,150,150,150,227
751,983,4,983,4,150,913,150,150,983,150
752,150,395,150,390,150,390,150,150,150,395
753,150,460,150,913,150,460,150,150,150,460
754,536,150,536,150,150,150,150,150,536,536
755,253,151,151,151,237,237,253,151,253,151
756,195,176,195,195,212,611,151,151,151,412
757,104,201,162,162,230,230,264,185,264,264
758,151,249,151,151,151,151,151,151,151,263
759,151,242,151,245,381,381,151,195,151,242
760,228,971,200,971,228,216,200,153,228,680
761,152,695,152,803,152,217,152,160,152,695
762,156,154,156,154,216,265,156,155,156,154
763,152,154,152,152,152,152,152,152,152,152
764,152,348,152,217,152,245,152,152,152,217
765,153,593,153,593,153,153,153,761,153,593
766,153,154,153,204,153,153,153,204,153,204
767,153,193,153,194,153,200,153,187,153,201
768,153,255,153,204,153,153,153,153,153,257
769,265,87,266,266,153,216,266,266,266,266
770,154,267,850,266,154,154,154,266,265,191
771,154,193,154,193,193,193,154,154,154,193
772,154,286,154,154,154,154,154,154,154,261
773,154,177,154,154,154,154,154,154,154,200
774,154,562,154,154,154,154,154,154,154,562
775,155,260,155,204,155,155,155,154,155,154
776,155,160,155,155,155,155,155,155,155,155
777,155,186,155,155,155,155,155,155,155,155
778,155,186,155,155,155,155,155,155,155,155
779,204,354,155,155,202,202,204,155,204,155
780,156,209,156,215,156,156,156,156,156,215
781,156,154,156,156,156,156,156,156,156,155
782,156,467,156,162,156,156,156,156,156,215
783,166,218,156,218,167,218,212,218,215,218
784,156,157,156,156,151,151,156,151,156,157
785,157,279,157,277,157,259,157,278,157,279
786,157,204,157,155,157,157,157,157,157,157
787,157,377,157,157,157,157,157,157,157,157
788,157,956,157,157,157,157,157,157,157,157
789,157,259,157,157,157,259,157,157,157,157
790,158,8,158,158,158,158,158,158,158,158
791,158,253,158,253,158,158,158,253,158,253
792,245,763,245,158,314,158,158,158,245,245
793,227,680,227,691,158,158,158,237,227,697
794,158,235,158,284,158,284,158,235,158,235
795,159,175,159,184,273,272,159,184,159,184
796,159,274,184,184,274,274,159,184,274,274
797,211,159,211,159,159,159,209,159,211,159
798,159,643,159,211,159,159,159,211,159,211
799,159,104,159,159,159,159,159,159,159,159
800,160,245,160,160,160,160,160,160,160,179
801,169,287,160,160,355,355,160,160,160,287
802,160,230,160,160,160,160,160,160,160,160
803,160,856,160,345,160,160,160,226,160,958
804,160,176,160,160,160,160,160,160,160,160
805,161,264,161,264,161,161,161,161,161,264
806,161,169,162,169,171,171,161,173,161,161
807,161,253,161,253,161,161,161,161,161,161
808,161,267,161,267,161,161,161,161,161,267
809,162,361,161,188,161,188,161,188,161,388
810,273,302,162,36,162,997,162,162,180,36
811,162,173,162,162,162,162,162,162,162,253
812,166,850,162,162,348,348,161,162,162,218
813,162,246,162,162,162,162,162,716,162,211
814,162,253,162,253,162,162,162,253,162,253
815,213,202,207,185,213,219,185,202,207,184
816,163,237,163,168,163,467,163,163,163,168
817,163,26,163,211,163,211,163,163,163,211
818,163,236,163,163,163,163,163,163,163,163
819,209,237,209,237,180,180,163,225,209,237
820,162,202,162,162,161,161,162,161,166,161
821,164,214,164,164,164,206,164,164,164,214
822,164,214,164,191,164,164,164,164,164,191
823,164,210,164,164,164,164,164,164,164,210
824,164,236,164,164,164,164,164,164,164,164
825,234,163,165,163,234,234,214,214,234,163
826,165,234,165,234,234,234,165,234,234,234
827,236,163,236,163,236,236,165,163,236,163
828,214,234,165,234,165,491,165,234,234,234
829,165,363,165,363,165,165,165,811,236,363
830,493,38,493,210,729,857,493,166,729,164
831,161,167,166,166,166,166,166,166,161,166
832,166,223,166,195,166,166,166,166,166,223
833,168,180,167,180,166,180,159,180,159,180
834,166,218,166,218,166,166,166,215,166,218
835,167,334,167,226,167,233,167,198,167,160
836,166,8,166,166,166,166,166,166,166,215
837,167,164,167,167,167,167,167,167,167,167
838,166,242,162,166,162,162,167,167,162,242
839,167,152,167,167,167,167,167,167,167,152
840,168,236,168,165,168,163,168,168,168,165
841,168,255,168,168,168,168,163,163,168,213
842,159,101,225,386,271,271,225,271,225,101
843,245,169,245,242,212,164,245,195,242,212
844,168,213,168,213,168,168,168,213,168,213
845,169,249,169,169,169,169,169,169,169,250
846,176,181,176,181,169,169,169,181,169,189
847,169,257,169,169,169,222,169,222,169,222
848,169,840,257,228,690,690,222,228,169,840
849,169,773,169,169,169,169,169,169,169,169
850,177,170,177,170,198,170,177,170,177,170
851,170,202,170,202,202,202,170,202,170,202
852,170,175,170,175,170,175,177,175,170,175
853,170,177,170,177,9,9,170,177,170,177
854,170,228,170,228,177,177,170,228,170,228
855,171,184,171,189,171,209,171,171,171,184
856,171,247,171,161,173,173,171,167,166,247
857,171,327,171,76,104,76,171,76,171,76
