0,0,0,0,367,0,0,0,36,0,0
1,0,0,0,36,0,0,0,0,0,0
2,0,0,0,999,0,0,0,0,0,0
3,0,0,0,955,0,0,0,0,0,0
4,389,389,391,389,391,391,391,391,391,389
5,397,329,1,329,1,1,1,1,1,329
6,1,1,1,33,1,1,1,1,1,1
7,1,1,1,562,1,1,1,1,1,1
8,1,1,32,1,327,327,1,1,327,327
9,1,1,1,79,1,1,1,111,1,1
10,2,2,2,700,2,2,2,2,2,694
11,2,2,2,395,2,2,2,2,2,2
12,2,3,2,395,2,2,2,2,2,2
13,2,2,2,34,2,2,2,2,2,2
14,2,2,2,801,2,2,2,2,2,801
15,2,2,3,2,2,2,2,2,2,2
16,3,3,3,2,3,3,3,3,3,3
17,3,2,3,33,3,3,3,2,3,2
18,3,149,4,149,3,390,2,149,3,149
19,3,3,3,391,3,3,3,2,2,391
20,4,3,4,3,4,4,4,3,4,4
21,3,107,4,971,6,824,4,116,4,885
22,4,4,4,395,4,4,4,4,4,4
23,4,4,4,107,4,4,4,4,4,4
24,3,3,3,474,6,6,3,669,3,5
25,5,107,5,828,5,5,5,5,5,107
26,5,5,5,611,5,5,5,5,5,5
27,5,854,5,741,5,116,5,5,5,5
28,5,5,5,6,5,5,5,6,5,5
29,5,5,5,806,5,5,5,109,5,5
30,6,6,6,913,6,6,6,913,6,6
31,6,6,6,562,6,6,6,562,6,149
32,6,6,6,5,6,6,6,6,6,6
33,6,329,6,109,6,6,6,6,6,6
34,6,801,6,639,6,6,6,6,6,6
35,8,8,7,8,7,7,8,8,8,8
36,7,7,7,256,7,7,7,7,7,7
37,7,7,7,194,7,7,7,7,7,7
38,7,7,7,8,7,7,7,8,7,7
39,7,8,7,8,7,7,7,7,7,8
40,8,8,8,7,8,8,8,8,8,8
41,7,7,7,8,960,960,8,8,7,8
42,8,8,8,7,8,8,8,8,8,8
43,85,85,8,326,60,60,8,85,8,85
44,8,8,8,7,8,8,8,8,8,8
45,9,9,9,197,9,9,9,9,9,9
46,9,9,9,138,9,9,9,9,9,9
47,9,9,9,360,9,9,9,9,9,9
48,9,9,9,601,9,9,9,9,9,9
49,9,9,9,100,9,9,9,9,9,9
50,10,10,10,63,10,10,10,10,10,10
51,10,10,10,36,10,10,10,10,10,10
52,10,10,10,19,10,10,10,10,10,19
53,10,10,10,17,10,10,10,10,10,89
54,10,94,10,94,10,10,10,13,10,94
55,11,11,11,904,11,11,11,11,11,11
56,11,11,11,304,11,11,11,11,11,11
57,11,11,11,381,18,18,11,11,11,11
58,11,11,11,16,11,11,11,16,11,16
59,11,97,11,611,11,11,11,11,11,11
60,12,12,12,721,12,12,12,12,12,12
61,12,12,12,300,12,12,12,12,12,12
62,12,12,12,44,12,12,12,12,12,12
63,12,12,12,10,12,12,12,12,12,12
64,12,12,12,318,12,12,12,12,12,12
65,13,13,13,85,13,13,13,13,13,13
66,13,13,13,227,13,13,13,13,13,13
67,13,13,13,319,16,16,13,13,13,13
68,13,13,13,12,13,13,13,13,13,13
69,13,137,13,891,13,137,13,13,13,145
70,14,14,14,902,14,14,14,14,14,14
71,14,14,14,84,14,14,14,14,14,14
72,14,14,14,17,14,14,14,14,14,14
73,14,14,14,17,14,14,14,14,14,14
74,14,664,14,620,14,14,14,14,14,710
75,15,15,15,314,15,15,15,15,15,15
76,15,15,15,20,15,15,15,15,15,15
77,15,15,15,61,15,15,15,15,15,15
78,387,380,15,380,95,380,15,15,15,380
79,15,15,15,998,15,15,15,15,15,15
80,16,16,16,48,16,16,16,16,16,16
81,16,16,16,319,16,16,16,16,16,16
82,16,94,16,904,315,40,16,40,16,105
83,16,16,16,19,16,16,16,19,19,19
84,16,16,16,21,16,16,16,16,16,16
85,17,17,17,306,17,17,17,17,17,17
86,17,17,17,466,17,17,17,17,17,17
87,17,17,17,594,17,17,17,17,17,17
88,17,17,17,94,17,42,17,17,17,17
89,17,17,17,105,17,17,17,17,17,17
90,18,18,18,17,18,18,18,18,18,18
91,18,18,18,99,18,18,18,18,18,18
92,18,18,18,815,18,18,18,18,18,18
93,18,145,18,474,18,18,18,18,18,18
94,18,18,18,138,18,18,18,18,18,18
95,19,19,19,61,19,19,19,19,19,19
96,19,19,19,876,19,19,19,19,19,19
97,19,19,19,55,19,19,19,19,19,19
98,19,19,19,394,19,19,19,19,19,19
99,19,19,19,46,19,19,19,19,19,19
100,20,20,20,91,20,20,20,20,20,20
101,20,20,20,94,316,13,20,20,13,13
102,20,20,20,17,20,43,20,20,20,22
103,20,20,20,35,20,20,20,36,20,337
104,20,80,20,84,20,334,20,20,20,85
105,21,21,21,144,21,21,21,21,21,21
106,21,21,21,19,17,17,17,19,18,18
107,22,22,21,144,22,22,21,133,22,22
108,21,21,21,23,21,21,21,21,21,21
109,21,143,21,141,21,21,21,21,21,21
110,22,22,22,99,22,22,22,22,22,22
111,677,815,815,677,562,562,795,23,815,815
112,22,22,22,128,21,21,22,22,23,22
113,22,22,22,21,22,22,22,22,22,22
114,22,22,22,93,22,22,22,22,22,22
115,23,8,23,7,23,23,23,23,23,23
116,23,390,23,390,99,390,23,390,23,390
117,23,23,23,127,129,127,23,23,127,127
118,101,101,23,490,101,101,23,43,23,48
119,23,144,23,127,127,127,23,23,23,144
120,24,24,24,370,24,24,24,24,24,24
121,24,24,24,721,24,24,24,24,24,24
122,24,24,24,47,24,24,24,24,24,24
123,24,24,24,772,24,24,24,24,24,24
124,24,24,24,39,24,24,24,24,24,24
125,25,25,25,37,25,25,25,25,119,37
126,25,25,25,28,25,25,25,25,25,25
127,25,32,25,31,25,25,25,25,25,25
128,28,25,28,25,28,25,25,25,25,25
129,25,25,25,28,25,25,25,25,25,25
130,62,62,26,67,26,62,26,41,26,50
131,26,26,25,26,54,26,26,26,26,26
132,26,26,28,26,28,26,26,26,26,26
133,26,26,26,44,26,26,26,26,26,26
134,26,26,26,104,395,26,26,26,26,730
135,27,27,27,79,27,27,27,27,27,27
136,120,125,27,113,27,27,27,26,27,27
137,27,27,27,73,27,27,27,27,27,27
138,27,27,27,39,27,27,27,27,27,27
139,27,27,27,61,27,27,27,27,27,27
140,28,28,28,67,28,28,28,28,28,28
141,28,28,28,25,28,28,28,28,28,28
142,28,28,28,68,28,28,28,28,28,28
143,28,26,28,26,26,26,26,26,26,26
144,25,25,25,533,25,25,25,25,25,25
145,26,116,29,125,26,5,26,29,29,103
146,29,29,29,1,29,29,29,1,29,1
147,29,29,29,61,29,29,29,29,29,29
148,29,29,29,994,29,29,29,29,29,29
149,29,29,29,115,29,29,29,29,29,29
150,32,32,32,30,32,30,30,30,30,30
151,30,32,30,42,30,30,30,30,30,32
152,30,30,30,31,30,30,30,32,30,32
153,30,30,30,32,30,30,30,32,30,32
154,30,32,30,318,30,316,30,30,30,30
155,31,31,31,124,31,307,31,31,31,31
156,119,119,31,116,32,390,31,116,119,112
157,31,31,31,47,31,55,31,31,31,46
158,31,30,31,30,31,31,31,31,31,31
159,31,31,31,30,31,31,31,30,31,31
160,42,42,47,39,307,307,47,39,42,39
161,30,30,30,43,30,30,30,30,30,32
162,32,32,32,55,307,307,32,32,32,31
163,5,5,26,725,52,52,32,725,41,725
164,30,43,31,601,39,39,30,997,307,997
165,34,815,34,815,65,4,34,815,34,815
166,50,61,491,61,791,791,33,33,880,880
167,33,33,33,61,33,33,33,33,33,33
168,34,34,33,34,316,50,33,34,33,34
169,34,34,33,34,33,33,33,33,33,33
170,34,45,34,126,33,33,34,33,34,49
171,33,150,33,3,150,344,2,3,33,2
172,34,34,34,116,34,34,34,34,34,34
173,34,34,34,36,34,34,34,34,34,34
174,34,34,34,118,34,61,34,34,34,34
175,36,36,35,36,82,82,35,36,35,36
176,37,37,35,37,37,37,37,37,37,37
177,35,35,35,36,35,35,35,35,35,35
178,37,37,35,37,305,37,37,37,35,37
179,35,35,35,36,35,35,35,35,35,36
180,36,36,36,35,36,36,36,36,36,35
181,33,5,33,6,33,33,33,36,33,35
182,36,36,36,30,32,32,36,36,30,30
183,34,36,36,68,36,36,36,34,34,34
184,51,48,386,48,385,51,36,36,386,48
185,35,35,37,35,35,35,37,35,37,37
186,37,37,37,206,37,35,37,37,37,37
187,37,37,37,774,37,37,37,37,37,37
188,37,37,37,35,37,37,37,37,37,37
189,37,37,37,36,37,37,37,37,37,37
190,38,38,38,459,38,126,38,38,38,38
191,42,562,38,562,273,273,38,40,38,562
192,38,38,38,317,32,32,38,126,38,71
193,38,38,38,25,45,38,38,38,38,38
194,38,38,38,71,38,38,38,38,38,38
195,39,39,39,304,39,39,39,39,39,39
196,39,39,39,679,47,39,39,125,39,39
197,39,39,39,48,39,39,39,39,39,39
198,39,39,39,26,39,39,39,26,39,329
199,39,50,39,44,61,61,39,44,39,50
200,40,40,40,39,40,40,40,40,40,46
201,40,40,40,312,40,40,40,40,40,40
202,40,40,40,39,312,31,40,40,40,46
203,46,46,46,47,47,47,40,47,46,46
204,40,40,46,94,40,40,40,40,317,317
205,41,41,41,488,41,41,41,41,41,41
206,41,41,41,61,41,41,41,41,41,41
207,41,41,41,44,44,44,41,41,41,41
208,41,41,41,38,41,41,41,41,41,41
209,41,41,41,44,41,41,41,41,41,41
210,42,42,42,28,42,42,42,42,42,42
211,42,42,42,489,42,42,42,42,42,42
212,42,42,42,39,42,42,42,42,42,42
213,42,42,42,39,42,42,42,42,42,42
214,42,42,42,390,42,42,42,42,42,42
215,43,357,43,357,43,357,43,337,43,337
216,43,61,43,61,43,43,43,43,61,61
217,43,43,43,61,32,32,43,43,43,43
218,43,43,43,42,43,43,43,43,43,43
219,39,39,39,43,43,43,43,43,39,43
220,44,44,44,40,44,44,44,44,44,44
221,44,44,44,61,44,44,44,44,44,44
222,44,44,44,61,48,298,44,44,44,44
223,44,44,44,57,44,44,44,44,44,44
224,27,79,44,116,77,77,44,44,44,60
225,45,45,45,60,45,45,45,45,45,45
226,45,45,45,44,45,45,45,45,45,45
227,45,45,45,230,45,45,45,45,45,45
228,45,45,45,61,45,45,45,45,45,45
229,45,45,45,300,45,45,45,45,45,45
230,46,46,46,31,46,46,46,30,46,46
231,46,94,46,309,308,309,46,94,46,309
232,46,46,39,46,46,46,46,46,46,46
233,46,46,46,40,46,46,46,46,46,46
234,49,49,48,119,49,49,39,39,45,45
235,40,31,47,31,40,46,47,47,47,47
236,47,47,47,396,47,47,47,47,31,31
237,47,46,47,46,47,47,47,46,46,46
238,47,47,47,40,47,40,47,47,47,47
239,47,46,47,46,46,46,47,46,47,46
240,48,150,48,839,99,150,48,48,48,899
241,48,45,48,38,48,48,48,48,48,42
242,48,48,48,39,48,48,48,48,48,48
243,48,48,48,39,48,48,48,48,48,48
244,48,48,48,288,48,48,48,49,48,48
245,65,34,49,109,138,6,34,58,977,58
246,49,49,49,50,49,49,49,49,49,50
247,49,49,49,45,49,49,49,45,49,49
248,50,50,49,103,50,50,49,49,50,50
249,49,49,39,49,86,86,50,50,363,363
250,50,50,50,695,50,50,50,50,50,50
251,50,50,50,49,50,50,50,50,50,50
252,50,49,50,49,49,49,50,49,50,50
253,50,460,50,646,49,50,50,50,50,562
254,50,50,50,0,50,50,50,344,50,50
255,51,342,51,295,51,51,51,295,51,51
256,51,51,51,791,51,51,51,51,51,51
257,51,51,51,695,51,51,51,51,51,51
258,51,77,51,126,126,126,51,51,51,126
259,51,51,51,385,51,51,51,51,51,51
260,52,52,52,58,52,52,52,52,52,53
261,53,53,52,53,52,52,52,52,53,53
262,52,114,52,488,58,357,52,677,52,52
263,52,52,52,329,52,52,52,52,52,52
264,53,344,53,344,53,53,53,53,53,344
265,53,53,53,52,53,53,53,53,53,53
266,53,57,53,54,50,50,53,53,53,57
267,53,784,53,816,53,118,53,587,53,816
268,53,57,53,52,53,53,52,52,58,58
269,53,53,53,61,53,53,53,53,53,60
270,54,54,54,67,307,307,54,54,54,58
271,54,54,54,66,54,66,54,54,54,67
272,54,54,54,68,54,54,54,54,54,54
273,45,45,54,61,310,310,54,54,54,45
274,46,939,44,61,57,57,77,77,44,27
275,55,55,55,59,55,55,55,55,55,55
276,55,55,55,59,55,55,55,55,55,55
277,55,55,55,358,55,55,55,55,55,55
278,55,55,55,64,55,55,64,64,55,55
279,64,55,64,943,64,55,64,64,64,55
280,56,56,56,65,56,56,56,56,56,56
281,56,56,56,112,56,56,56,56,56,56
282,56,56,56,62,56,56,56,56,56,56
283,56,56,56,114,56,56,56,56,56,56
284,125,125,56,109,721,721,56,56,56,611
285,57,57,57,41,57,57,57,57,57,52
286,57,57,57,61,57,57,57,57,57,57
287,57,57,57,327,57,57,57,57,57,57
288,57,57,57,48,57,57,57,57,57,57
289,57,57,57,56,57,58,57,57,56,56
290,44,42,67,43,54,54,58,44,44,44
291,58,58,58,44,26,49,58,58,58,58
292,58,58,58,320,58,58,58,58,58,58
293,58,898,58,905,58,58,58,58,905,905
294,58,58,58,53,58,58,58,58,58,58
295,55,55,59,64,46,46,59,64,59,64
296,59,55,59,55,59,55,59,55,55,55
297,59,59,59,55,59,59,59,59,55,55
298,59,50,59,45,47,61,59,60,59,794
299,59,59,59,124,373,997,59,313,313,313
300,60,60,60,67,60,60,60,67,60,60
301,60,60,60,26,60,60,60,60,60,60
302,60,58,63,55,52,64,57,55,60,58
303,61,61,62,847,686,586,62,60,61,753
304,60,54,61,363,48,48,61,61,61,48
305,61,61,61,109,61,61,61,61,61,109
306,61,61,61,390,61,61,61,61,61,61
307,61,61,61,575,61,61,61,61,528,813
308,61,61,61,56,61,61,61,61,61,61
309,61,61,61,490,61,61,61,50,50,50
310,62,77,62,26,62,62,62,61,62,32
311,62,32,62,65,62,62,62,60,62,65
312,62,62,62,61,62,62,62,61,62,62
313,61,61,62,584,56,748,62,61,56,56
314,62,62,62,60,54,67,62,62,62,60
315,63,63,63,391,63,62,63,63,63,50
316,63,58,63,53,63,63,63,63,63,63
317,63,63,63,643,63,490,63,63,63,363
318,63,63,63,56,63,63,63,63,63,63
319,63,63,63,79,63,63,63,63,63,63
320,55,55,46,55,64,64,64,64,55,55
321,64,64,64,55,64,64,64,64,64,64
322,55,55,64,59,64,64,64,64,55,55
323,64,55,64,126,40,64,64,64,64,64
324,64,60,64,57,941,941,57,57,64,57
325,65,65,65,125,65,65,65,65,65,65
326,65,65,65,396,65,65,65,65,65,65
327,983,983,65,570,983,983,65,983,983,983
328,65,65,65,58,65,65,65,65,65,65
329,65,65,65,937,65,65,65,65,65,65
330,66,66,54,66,66,54,66,66,66,66
331,60,60,57,66,68,68,52,66,68,68
332,60,68,68,329,45,45,68,68,68,68
333,68,62,68,54,54,54,68,68,68,68
334,66,116,66,646,66,741,66,646,66,328
335,67,67,54,67,38,38,67,67,54,67
336,68,68,68,54,66,66,67,67,68,54
337,67,64,67,55,67,47,67,67,67,67
338,67,66,67,66,54,68,67,66,67,67
339,67,67,67,56,67,67,67,67,67,67
340,66,66,68,539,68,68,66,68,66,66
341,68,68,68,67,68,68,68,68,68,68
342,68,68,68,62,54,54,68,68,68,67
343,68,68,68,67,68,68,68,68,68,68
344,67,68,67,54,67,67,67,54,67,67
345,69,69,69,461,69,69,69,69,69,69
346,69,69,69,126,69,69,69,69,69,69
347,69,69,69,616,69,69,69,69,69,69
348,50,50,69,490,666,666,415,843,931,489
349,69,69,69,116,69,69,69,69,69,69
350,70,70,70,334,78,307,70,70,70,334
351,70,70,70,307,70,310,70,70,70,70
352,70,70,70,79,70,70,70,70,70,70
353,70,70,70,76,70,70,70,70,70,70
354,70,70,70,489,70,70,70,70,70,70
355,71,71,44,306,124,306,306,306,303,306
356,71,71,71,78,71,134,71,71,71,71
357,71,71,71,116,71,71,71,71,71,71
358,71,71,71,79,71,71,71,71,71,71
359,71,71,71,122,50,50,71,71,71,71
360,72,72,72,70,72,72,72,72,72,74
361,72,72,72,815,74,74,72,72,72,72
362,72,72,72,73,72,72,72,72,72,72
363,72,72,74,512,72,72,72,72,72,72
364,77,58,72,58,30,30,72,72,77,58
365,75,75,75,109,75,75,75,75,75,75
366,73,73,73,489,73,73,73,74,73,73
367,77,73,77,78,77,77,73,73,77,77
368,815,815,73,815,815,815,815,815,815,815
369,73,73,73,77,74,74,73,73,73,74
370,72,72,74,786,307,307,74,72,72,308
371,74,73,74,73,73,74,74,73,74,74
372,815,74,815,74,815,815,815,815,815,815
373,304,317,304,319,310,310,78,74,310,318
374,72,72,74,758,72,72,72,72,72,72
375,75,75,75,76,75,75,75,75,75,75
376,75,75,75,74,75,75,75,75,75,75
377,75,75,75,324,75,75,75,75,75,75
378,75,75,75,36,75,75,75,75,75,75
379,75,73,75,74,75,75,75,75,75,75
380,76,76,76,219,76,76,76,76,76,76
381,124,124,76,122,813,813,76,124,50,124
382,76,76,73,76,76,327,76,76,76,76
383,77,303,77,307,303,43,77,77,307,307
384,76,76,76,328,76,76,76,76,76,76
385,77,77,77,73,77,77,77,77,77,74
386,77,77,77,71,77,77,77,77,77,77
387,77,77,77,113,311,312,77,31,77,74
388,77,77,677,61,677,677,77,77,677,677
389,77,77,77,300,77,77,77,75,77,310
390,78,78,120,78,78,78,120,78,78,78
391,78,78,78,310,78,78,78,310,78,815
392,78,78,305,78,305,305,125,78,677,78
393,78,75,78,75,78,78,78,75,78,78
394,78,303,78,303,303,303,78,78,78,78
395,79,79,79,490,79,79,79,79,79,79
396,79,314,79,312,79,314,79,314,79,314
397,79,79,79,74,314,314,79,79,79,123
398,79,79,79,315,79,79,79,79,79,315
399,79,124,79,67,79,79,79,79,79,79
400,80,80,80,136,80,80,80,80,80,80
401,82,82,81,86,36,515,81,82,82,82
402,80,80,80,381,80,80,80,80,80,7
403,82,82,39,225,81,81,82,82,82,562
404,80,80,80,237,80,80,80,80,80,80
405,81,81,81,82,81,81,81,81,81,81
406,81,81,81,86,81,81,81,81,81,81
407,81,81,81,138,81,81,81,81,81,81
408,81,20,81,87,81,81,81,81,81,81
409,81,81,81,690,81,81,81,81,81,81
410,82,82,82,50,24,82,82,82,82,82
411,81,81,86,21,86,86,86,86,86,86
412,85,988,305,988,67,67,85,85,37,37
413,81,81,135,81,135,135,82,81,81,81
414,82,82,82,249,82,82,82,82,82,82
415,83,83,83,61,83,83,83,83,83,83
416,83,83,83,640,83,83,83,83,83,83
417,83,83,83,97,83,83,83,83,83,83
418,83,83,83,109,83,83,83,83,83,83
419,85,82,83,85,82,82,83,85,83,85
420,84,84,84,806,84,84,84,84,84,84
421,84,84,84,328,84,84,84,84,84,84
422,84,84,84,136,84,84,84,84,84,84
423,84,84,84,58,84,84,84,84,84,84
424,84,84,84,709,84,84,84,84,84,84
425,85,124,85,488,48,48,85,85,85,85
426,81,81,85,81,82,81,81,81,81,81
427,85,85,85,80,85,85,85,85,85,85
428,85,85,85,86,85,85,85,85,85,85
429,85,85,85,128,85,85,85,85,85,85
430,86,86,86,876,12,12,86,86,86,86
431,86,86,86,21,86,86,86,86,86,336
432,86,86,86,50,86,86,86,86,86,86
433,82,972,82,483,825,825,86,972,336,336
434,86,86,86,82,86,86,86,82,86,86
435,87,87,489,87,87,87,87,87,489,87
436,87,87,87,630,87,87,87,87,87,87
437,87,87,87,385,87,87,87,87,87,87
438,87,87,87,88,87,87,87,87,87,87
439,87,87,87,8,12,88,87,87,87,363
440,88,88,88,90,88,88,88,88,88,88
441,88,88,88,90,88,88,88,88,88,88
442,88,88,88,824,88,88,88,88,88,88
443,88,88,88,89,88,88,88,88,88,88
444,88,88,88,90,88,88,88,88,88,88
445,89,89,89,134,89,89,89,89,89,22
446,89,89,89,324,89,89,89,89,89,324
447,89,89,89,982,89,89,89,89,89,89
448,89,851,89,851,89,85,89,851,89,851
449,89,89,89,127,89,89,89,89,89,89
450,90,15,90,91,90,90,90,90,90,90
451,88,88,88,593,90,88,90,90,88,611
452,90,94,90,94,90,90,90,90,90,90
453,90,90,90,84,97,84,90,90,90,90
454,90,90,90,387,90,90,90,90,90,90
455,91,91,91,85,91,815,91,91,16,82
456,91,91,91,88,88,88,91,91,91,91
457,91,91,91,40,91,91,91,91,91,91
458,91,23,91,23,91,91,91,82,91,91
459,85,82,85,82,378,378,91,82,85,82
460,92,92,92,55,92,92,92,92,92,92
461,92,92,92,303,42,303,92,92,92,42
462,92,92,92,490,92,92,92,92,92,777
463,92,92,92,95,92,92,92,92,92,92
464,92,92,92,94,92,92,92,92,92,92
465,93,93,93,96,93,93,93,93,93,96
466,93,93,93,393,93,93,93,93,93,93
467,93,93,93,96,93,93,93,93,93,93
468,93,93,93,96,93,93,93,96,93,93
469,93,93,93,108,93,93,93,93,93,93
470,94,94,94,79,94,94,94,94,94,94
471,94,94,94,142,94,94,94,94,94,142
472,94,94,94,114,94,94,94,94,94,113
473,94,324,94,324,324,324,94,318,311,324
474,94,989,94,70,94,94,94,94,94,70
475,95,95,95,94,95,95,95,95,95,95
476,95,95,95,94,95,95,95,95,95,95
477,95,95,95,94,95,95,95,95,95,95
478,95,95,95,94,95,95,95,95,95,94
479,95,95,95,319,988,988,95,95,95,95
480,96,96,96,374,96,96,96,96,96,96
481,96,96,96,243,96,96,96,96,96,96
482,96,96,96,88,96,96,96,96,96,96
483,96,59,96,64,96,96,96,90,96,96
484,96,96,96,93,96,96,96,96,96,96
485,97,92,97,39,308,308,97,92,97,97
486,137,137,99,141,137,137,97,141,142,98
487,97,97,97,99,97,97,97,99,144,144
488,97,97,97,67,97,97,97,97,97,97
489,97,97,97,209,97,97,97,97,97,97
490,98,98,98,99,98,98,98,98,98,98
491,98,98,98,646,98,98,98,98,98,98
492,98,98,98,171,98,98,98,98,98,98
493,98,98,98,137,98,98,98,98,98,98
494,134,134,134,9,134,134,134,9,134,9
495,99,97,99,97,99,99,99,99,99,99
496,99,99,99,23,99,99,99,99,99,99
497,99,99,99,97,99,99,99,99,99,99
498,99,99,99,100,99,99,99,100,99,99
499,99,99,99,84,99,99,99,99,99,99
500,100,100,100,61,100,100,100,100,100,100
501,100,100,100,443,100,100,100,100,100,100
502,100,100,100,804,100,100,100,100,100,100
503,100,100,100,474,100,100,100,100,100,100
504,100,100,100,136,100,100,100,100,100,100
505,101,101,386,101,101,101,101,101,101,101
506,386,386,101,386,386,386,386,386,101,386
507,101,101,101,109,101,101,101,386,101,101
508,101,101,101,39,101,101,101,101,101,101
509,385,101,385,490,101,101,385,385,101,490
510,102,102,102,887,522,522,102,888,102,920
511,102,102,102,334,102,102,102,102,102,102
512,102,102,102,250,102,102,102,102,102,102
513,102,102,102,328,102,102,102,328,102,102
514,102,102,102,334,102,102,102,102,102,102
515,362,270,342,296,103,270,103,296,103,272
516,103,103,103,337,103,29,103,103,103,103
517,103,103,103,397,280,269,103,103,103,103
518,103,103,103,50,103,103,103,103,103,50
519,103,73,103,126,446,446,103,103,103,103
520,104,104,104,805,104,104,104,104,104,104
521,104,342,104,342,287,287,104,104,104,104
522,104,104,104,354,104,104,104,104,104,354
523,104,104,104,335,350,350,104,104,104,104
524,104,104,104,428,104,104,104,104,104,104
525,105,105,105,262,370,105,105,105,105,105
526,105,334,105,334,105,105,105,334,105,105
527,105,105,105,104,105,105,105,105,105,105
528,105,105,105,298,105,105,105,105,105,105
529,105,105,105,382,105,105,105,105,105,105
530,106,106,106,269,272,272,106,269,106,272
531,106,36,341,641,36,36,106,106,106,106
532,342,342,106,104,106,106,106,106,106,106
533,106,298,106,298,106,106,106,106,106,106
534,106,106,106,99,106,106,106,106,106,106
535,107,747,107,744,107,107,107,107,107,818
536,107,107,107,574,107,107,107,107,107,107
537,107,107,107,892,107,107,107,107,107,107
538,107,107,107,818,107,107,107,107,107,818
539,107,107,107,69,107,107,107,107,107,107
540,108,108,108,328,108,108,328,328,108,328
541,393,108,108,944,108,108,108,108,108,328
542,991,107,991,562,108,108,991,696,991,107
543,108,108,108,328,738,738,108,328,328,328
544,108,108,108,393,108,108,108,108,108,108
545,109,109,109,396,109,109,109,109,109,109
546,109,109,109,329,109,109,109,109,109,109
547,109,109,109,121,109,109,109,109,109,109
548,109,109,109,397,109,109,109,109,109,109
549,109,109,109,973,109,109,109,109,109,109
550,115,115,110,115,115,115,110,115,115,115
551,110,110,110,88,110,110,110,110,110,110
552,110,110,110,7,110,110,110,110,110,110
553,115,396,110,109,115,973,115,115,329,973
554,115,328,110,84,65,65,110,84,110,107
555,111,111,488,111,600,600,111,111,488,111
556,111,966,111,122,111,71,111,772,111,122
557,616,111,902,111,111,111,111,111,78,78
558,111,111,111,107,111,111,111,111,111,111
559,111,688,111,688,111,111,111,111,111,111
560,112,112,112,787,112,112,112,112,112,714
561,112,112,112,126,112,112,112,112,112,112
562,991,994,112,994,989,989,991,991,994,994
563,112,391,112,808,112,69,112,112,112,112
564,462,853,112,887,649,649,112,112,716,497
565,113,113,113,911,113,113,113,113,113,113
566,113,113,113,304,113,113,113,113,113,113
567,113,988,113,988,988,988,113,988,113,988
568,988,988,988,952,952,952,113,113,988,988
569,113,125,113,125,990,990,113,113,113,125
570,114,441,114,572,58,572,114,111,114,30
571,114,114,114,56,114,118,114,114,114,327
572,113,600,113,61,316,71,113,114,114,32
573,114,114,114,126,114,114,114,114,114,114
574,114,114,58,114,79,25,114,114,114,114
575,115,115,115,107,115,115,115,115,115,115
576,115,115,115,110,115,115,115,115,115,115
577,115,115,115,110,115,115,115,115,115,115
578,115,115,115,110,115,115,115,115,115,115
579,115,115,110,115,115,115,110,115,110,115
580,116,116,116,69,116,116,116,116,116,116
581,116,116,116,109,116,116,116,116,116,116
582,116,116,116,115,116,116,116,116,116,116
583,116,116,116,69,116,116,116,116,116,116
584,116,116,116,455,44,116,116,116,116,116
585,117,117,117,125,117,117,117,117,117,117
586,117,117,117,855,117,117,117,855,117,397
587,117,117,117,932,117,117,117,117,117,117
588,117,117,117,939,117,117,117,117,117,117
589,117,117,117,114,117,117,117,117,117,117
590,118,118,118,469,118,118,118,544,118,544
591,121,121,118,121,122,887,118,121,118,121
592,118,123,118,123,489,489,118,123,118,123
593,118,118,118,808,118,118,118,923,118,923
594,532,532,532,118,891,891,532,532,532,762
595,119,119,119,710,119,119,119,119,119,119
596,119,119,123,44,25,25,119,27,119,119
597,125,78,125,677,327,327,125,78,419,327
598,119,119,119,121,119,119,119,119,119,118
599,119,116,119,115,119,119,119,115,119,124
600,12,12,120,90,989,12,120,120,120,90
601,120,120,120,122,75,75,120,120,120,120
602,120,327,120,118,120,120,120,120,120,120
603,119,125,119,435,125,107,120,120,119,435
604,120,120,120,125,120,120,120,120,120,120
605,118,118,121,737,611,611,121,121,121,121
606,121,121,121,124,973,973,121,121,121,124
607,119,119,121,695,61,61,121,118,118,76
608,121,121,121,679,121,60,121,121,121,121
609,762,121,762,121,467,467,118,118,762,762
610,122,124,122,125,124,124,122,124,122,124
611,122,122,122,926,122,122,122,122,122,122
612,122,122,122,124,122,122,122,122,122,124
613,122,122,122,327,327,34,122,122,122,122
614,122,122,124,121,122,122,122,122,124,122
615,123,123,123,70,123,123,123,123,123,123
616,123,123,123,109,123,123,123,123,123,123
617,123,123,123,124,123,123,123,123,123,123
618,123,123,123,815,123,123,123,123,123,123
619,123,123,123,73,123,123,123,77,123,123
620,124,124,124,122,124,124,124,124,124,124
621,124,932,124,932,78,78,124,124,125,125
622,124,124,124,65,124,124,124,124,124,344
623,124,363,823,50,910,910,237,106,610,491
624,124,124,124,122,124,124,124,122,124,124
625,125,116,125,116,125,125,125,125,125,125
626,125,125,125,77,125,119,125,125,125,125
627,125,125,125,124,125,125,125,125,125,125
628,125,125,125,119,125,125,125,125,125,125
629,125,125,125,907,125,125,125,125,125,125
630,126,126,126,748,126,126,126,126,126,126
631,126,126,126,808,126,126,126,126,126,126
632,126,126,126,113,77,126,126,126,126,126
633,126,126,126,292,126,126,126,126,126,126
634,126,126,126,107,126,126,126,126,126,107
635,127,128,127,128,127,127,127,128,127,128
636,127,127,127,141,127,127,127,127,127,127
637,127,127,127,128,127,127,127,127,127,127
638,128,21,128,22,127,21,128,21,21,128
639,127,127,127,141,127,127,127,127,127,127
640,128,128,128,127,128,128,128,128,128,128
641,128,128,128,86,128,128,128,128,128,128
642,128,128,128,135,128,128,128,128,128,128
643,128,128,128,127,232,176,128,128,128,128
644,128,127,128,958,99,99,128,23,85,425
645,132,132,129,132,132,132,132,132,132,132
646,129,129,129,99,129,129,129,129,129,129
647,129,129,129,898,132,132,132,132,132,212
648,129,129,129,130,129,129,129,129,129,129
649,129,129,129,134,129,129,129,129,129,134
650,130,486,130,889,130,130,130,130,130,486
651,130,130,130,170,130,130,130,130,130,130
652,130,130,130,947,130,130,130,130,130,130
653,130,130,130,134,130,130,130,130,130,130
654,130,130,130,1,130,130,130,130,130,130
655,131,131,131,128,131,131,131,131,131,131
656,131,135,131,135,131,131,131,131,131,135
657,23,22,23,815,23,23,23,23,23,23
658,131,131,131,135,131,131,131,131,131,131
659,131,131,131,17,131,131,131,131,131,131
660,132,132,132,460,132,132,132,132,132,460
661,132,132,132,99,132,132,132,132,132,134
662,132,132,132,134,132,132,132,132,132,132
663,132,132,132,134,132,132,132,132,132,134
664,132,132,132,134,132,132,132,132,132,134
665,133,133,133,81,133,133,133,133,133,133
666,133,133,133,50,987,987,133,133,133,133
667,133,133,133,90,133,133,133,133,133,133
668,133,133,133,489,133,133,133,133,133,12
669,133,133,133,621,50,50,133,133,133,133
670,134,134,134,99,134,134,134,134,134,99
671,134,134,134,131,134,134,134,134,134,134
672,134,99,134,99,134,134,134,134,134,99
673,138,138,138,134,134,134,131,131,131,131
674,132,131,132,134,131,134,132,131,132,131
675,135,135,135,84,135,135,135,135,135,135
676,135,135,135,142,138,138,135,135,135,135
677,135,135,135,127,135,135,135,135,135,135
678,135,50,135,39,135,135,135,135,135,50
679,135,135,135,84,135,135,135,135,135,135
680,136,136,136,357,136,136,136,136,136,136
681,136,136,136,796,136,136,136,136,136,136
682,136,136,136,85,136,136,136,136,136,136
683,136,136,136,100,136,136,136,136,136,136
684,136,136,136,61,136,136,136,136,136,136
685,137,137,137,99,137,137,137,137,137,137
686,137,137,137,851,137,137,137,137,137,137
687,137,137,137,136,137,137,137,137,137,137
688,137,137,97,137,97,97,137,137,137,137
689,137,137,137,386,137,137,137,137,137,137
690,138,138,138,9,138,138,138,138,138,138
691,138,272,138,298,293,293,138,138,138,276
692,138,138,138,80,138,138,138,138,138,138
693,138,138,138,9,138,138,138,138,138,138
694,138,138,138,1,138,138,138,80,138,138
695,139,139,139,128,139,139,139,139,139,139
696,139,139,139,140,139,139,139,139,139,139
697,139,139,139,141,139,141,139,141,141,139
698,139,139,139,141,139,139,139,139,139,141
699,139,139,139,86,139,139,139,139,139,139
700,140,140,140,142,140,140,140,140,140,140
701,140,140,140,142,140,140,140,140,140,142
702,140,140,140,141,140,140,140,140,140,142
703,140,140,140,97,140,140,140,140,140,140
704,140,140,140,142,140,140,140,140,140,142
705,141,141,141,140,141,141,141,141,141,141
706,141,142,141,142,98,142,141,142,98,142
707,141,143,141,143,141,141,141,141,141,141
708,141,141,141,344,141,141,141,141,141,141
709,141,141,141,142,140,140,140,142,141,141
710,142,140,142,139,142,142,142,142,142,139
711,142,142,142,410,142,142,142,142,142,142
712,142,142,142,82,142,142,142,142,142,142
713,142,142,142,397,142,142,142,142,142,142
714,142,141,142,58,49,49,131,131,142,142
715,143,143,143,141,143,143,143,143,143,143
716,143,143,139,100,143,143,142,150,139,100
717,143,100,143,256,91,23,143,256,143,256
718,143,142,143,141,139,141,143,141,143,141
719,143,143,143,109,143,143,143,143,143,979
720,144,144,144,98,144,144,144,144,144,144
721,144,144,144,100,144,144,144,144,144,144
722,144,144,460,724,144,144,144,144,144,913
723,144,144,144,621,144,144,144,144,144,144
724,144,144,144,98,98,98,144,144,144,144
725,145,145,145,96,145,145,145,145,145,96
726,145,145,145,115,145,145,145,145,145,145
727,145,145,145,483,145,145,145,145,145,145
728,145,145,145,570,145,145,145,145,145,145
729,145,389,145,39,145,85,145,145,145,145
730,97,100,146,100,801,801,146,146,100,100
731,146,181,146,23,146,146,146,23,146,23
732,146,146,146,128,146,146,146,146,146,146
733,146,146,146,23,336,336,146,23,146,23
734,146,146,99,2,146,146,146,146,148,148
735,148,147,147,404,148,148,147,147,147,148
736,147,147,147,33,147,147,147,147,147,147
737,147,147,147,640,147,147,147,147,147,147
738,147,913,147,33,147,147,147,147,147,147
739,147,147,147,403,147,147,147,147,147,147
740,148,148,148,33,148,148,148,148,148,148
741,148,148,148,21,148,148,148,148,148,148
742,148,148,148,2,148,148,148,148,148,148
743,148,148,148,189,148,148,148,148,148,148
744,148,148,148,223,148,148,148,148,148,148
745,149,150,149,150,149,149,149,149,149,150
746,149,149,149,3,149,149,149,149,149,149
747,149,149,149,112,149,149,149,112,149,149
748,149,50,390,33,67,149,149,149,67,50
749,6,6,6,51,6,6,149,149,6,149
750,150,223,150,223,150,150,150,223,150,223
751,983,150,983,150,150,913,150,150,983,150
752,150,394,150,61,150,48,150,150,150,360
753,150,913,150,540,150,460,150,150,150,913
754,536,536,536,150,150,150,150,150,536,536
755,253,253,151,253,237,237,253,253,253,253
756,195,195,195,158,212,611,151,151,151,151
757,104,104,162,192,230,230,264,186,264,264
758,151,151,151,909,151,151,151,151,151,151
759,151,355,151,284,381,381,151,195,151,151
760,228,228,200,228,228,228,200,200,228,228
761,152,160,152,226,152,152,152,160,152,169
762,156,155,156,154,216,265,156,155,156,155
763,152,152,152,151,152,152,152,152,152,157
764,152,152,152,232,152,212,152,152,152,217
765,153,153,153,782,153,153,153,593,153,338
766,153,204,153,155,153,153,153,153,153,153
767,153,187,153,185,153,200,153,153,153,193
768,153,204,153,200,153,153,153,153,153,153
769,265,153,266,153,153,216,266,153,266,203
770,154,265,850,182,154,154,154,154,265,184
771,154,193,154,193,193,193,154,154,154,193
772,154,154,154,319,154,283,154,154,154,261
773,154,154,154,261,154,154,154,154,154,261
774,154,562,154,562,154,154,154,154,154,154
775,155,155,155,204,155,155,155,155,155,155
776,155,155,155,153,155,155,155,155,155,155
777,155,155,155,260,155,155,155,155,155,155
778,155,155,155,153,155,155,155,155,155,155
779,204,200,155,226,202,202,204,204,204,155
780,156,156,156,217,156,156,156,156,156,156
781,156,156,156,155,156,156,156,156,156,155
782,156,156,156,454,156,156,156,156,156,156
783,166,166,156,169,167,167,212,212,215,215
784,156,156,156,219,151,151,156,156,156,156
785,157,157,157,151,157,249,157,151,157,151
786,157,157,157,200,157,157,157,157,157,157
787,157,157,157,151,157,157,157,157,157,157
788,157,157,157,156,157,157,157,157,157,157
789,157,259,157,263,157,157,157,157,157,157
790,158,158,158,568,158,158,158,158,158,158
791,158,158,158,253,158,158,158,158,158,253
792,245,195,245,879,314,158,158,158,245,242
793,227,268,227,268,158,158,158,268,227,268
794,158,284,158,284,158,284,158,284,158,264
795,159,163,159,76,273,273,159,184,159,184
796,159,274,184,274,274,274,159,184,274,274
797,211,159,211,159,159,159,209,159,211,159
798,159,159,159,211,159,159,159,211,159,159
799,159,159,159,184,159,159,159,159,159,159
800,160,160,160,223,160,160,160,160,160,160
801,169,169,160,169,355,355,160,169,160,160
802,160,160,160,267,160,160,160,160,160,160
803,160,160,160,256,160,160,160,256,160,160
804,160,160,160,700,160,160,160,160,160,160
805,161,264,161,158,161,161,161,161,161,253
806,161,264,162,264,171,151,161,264,161,264
807,161,161,161,218,161,161,161,161,161,218
808,161,217,161,217,161,161,161,218,161,217
809,162,158,161,158,161,188,161,158,161,162
810,273,202,162,266,162,162,162,208,180,189
811,162,162,162,173,162,162,162,162,162,162
812,166,166,162,246,348,218,161,161,162,162
813,162,166,162,716,162,162,162,166,162,162
814,162,166,162,246,162,162,162,162,162,166
815,213,213,207,193,213,213,185,185,207,185
816,163,168,163,168,163,467,163,163,163,168
817,163,163,163,211,163,211,163,163,163,211
818,163,163,163,236,163,163,163,163,163,163
819,209,163,209,237,180,180,163,225,209,236
820,162,166,162,246,161,161,162,166,166,166
821,164,164,164,214,164,206,164,164,164,164
822,164,214,164,191,164,164,164,164,164,191
823,164,164,164,210,164,164,164,164,164,164
824,164,164,164,341,164,164,164,164,164,164
825,234,234,165,255,234,214,214,214,234,234
826,165,165,165,236,234,234,165,236,234,234
827,236,165,236,163,236,236,165,163,236,163
828,214,234,165,234,165,491,165,234,234,234
829,165,237,165,237,165,165,165,237,236,237
830,493,856,493,167,729,857,493,210,729,921
831,161,161,166,162,166,164,166,162,161,162
832,166,166,166,151,166,166,166,166,166,162
833,168,268,167,268,166,173,159,268,159,268
834,166,166,166,156,166,166,166,166,166,166
835,167,160,167,196,167,160,167,167,167,169
836,166,166,166,164,166,166,166,166,166,166
837,167,167,167,162,167,169,167,167,167,162
838,166,166,162,172,162,162,167,167,162,166
839,167,166,167,166,167,167,167,167,167,167
840,168,163,168,163,168,163,168,161,168,163
841,168,168,168,580,168,168,163,163,168,168
842,159,101,225,51,271,271,225,354,225,101
843,245,245,245,200,212,212,245,254,242,155
844,168,168,168,213,168,168,168,213,168,213
845,169,169,169,229,169,169,169,169,169,169
846,176,169,176,169,169,169,169,169,169,169
847,169,222,169,222,169,222,169,222,169,222
848,169,840,257,840,690,690,222,228,169,840
849,169,169,169,173,169,169,169,169,169,169
850,177,170,177,170,198,170,177,170,177,170
851,170,202,170,202,202,202,170,202,170,202
852,170,175,170,206,170,267,177,177,170,267
853,170,177,170,177,9,372,170,177,170,177
854,170,170,170,335,177,336,170,170,170,170
855,171,211,171,151,171,171,171,171,171,171
856,171,180,171,161,173,173,171,167,166,162
857,171,365,171,365,104,104,171,372,171,39
858,171,172,171,243,171,349,171,246,349,348
859,522,792,171,199,522,733,456,456,522,645
860,172,158,172,158,172,172,172,172,172,253
861,172,291,172,184,172,172,172,291,176,291
862,171,171,172,171,178,172,172,171,171,171
863,172,172,172,230,172,172,172,172,172,171
864,172,172,172,350,172,276,172,172,172,172
865,173,173,173,217,173,173,173,173,173,173
866,173,173,173,719,173,173,173,173,173,173
867,173,173,173,268,173,173,173,173,173,173
868,173,173,173,151,173,173,173,173,173,173
869,173,173,173,184,339,168,173,173,173,173
870,174,225,174,225,174,174,174,225,174,273
871,174,245,174,254,254,254,174,174,174,245
872,174,174,174,331,174,251,174,174,174,249
873,104,104,225,233,180,180,235,235,235,197
874,174,174,174,225,174,174,174,174,174,174
875,191,186,191,186,184,189,175,185,184,186
876,175,175,175,226,175,175,175,175,175,226
877,175,226,175,226,175,191,175,226,175,226
878,175,170,175,226,175,175,175,175,175,202
879,189,191,189,191,189,189,189,191,189,189
880,176,172,176,171,173,178,176,171,176,172
881,176,181,176,181,181,181,176,212,176,181
882,176,176,159,176,159,168,176,176,176,176
883,176,169,176,267,176,212,176,267,176,219
884,176,176,176,180,176,176,176,176,176,176
885,177,170,177,255,177,177,177,255,177,177
886,181,134,181,134,9,9,177,177,9,9
887,177,177,177,226,177,177,177,233,177,177
888,177,197,177,226,177,177,177,170,177,226
889,170,177,170,177,170,170,170,177,170,170
890,178,354,178,354,178,178,178,354,385,385
891,178,178,178,209,178,178,178,178,178,178
892,178,178,178,209,537,537,178,209,209,209
893,178,209,178,209,178,178,178,178,178,178
894,178,178,178,909,178,178,178,178,178,178
895,237,234,237,229,236,236,195,245,227,234
896,179,180,179,246,179,179,179,179,179,179
897,179,179,179,209,179,179,179,179,179,179
898,179,179,179,366,179,179,179,179,179,366
899,179,179,179,178,179,179,179,180,179,179
900,223,199,223,199,223,224,180,199,223,197
901,180,180,179,246,246,246,180,180,180,180
902,179,179,179,676,180,343,179,676,179,242
903,180,180,179,246,179,179,179,246,179,180
904,179,179,180,151,180,254,180,179,179,179
905,181,267,181,372,181,269,181,181,181,181
906,181,181,181,850,181,181,181,181,181,181
907,181,181,181,189,181,181,181,181,181,181
908,267,267,181,242,189,189,181,229,189,189
909,181,265,181,265,181,181,181,266,181,266
910,182,170,182,192,182,182,182,182,170,170
911,182,182,182,987,182,182,194,194,254,254
912,182,182,182,670,182,182,182,182,182,518
913,182,182,182,193,182,182,182,182,182,182
914,182,235,182,611,182,182,182,182,182,182
915,183,183,183,197,233,197,183,197,183,197
916,183,183,183,189,183,183,183,183,183,183
917,183,183,183,186,197,160,183,183,183,183
918,183,183,183,189,183,183,183,183,183,183
919,183,183,183,198,183,183,183,198,183,198
920,184,191,184,191,191,191,184,191,184,191
921,184,191,184,191,184,184,184,191,184,184
922,184,184,184,191,184,184,184,191,184,184
923,184,850,184,850,185,185,184,184,185,184
924,184,184,184,191,184,184,184,184,184,184
925,192,203,203,51,203,203,185,192,203,203
926,185,185,185,186,185,185,185,186,185,186
927,186,185,185,203,185,189,185,185,189,189
928,193,185,185,184,185,185,185,184,185,182
929,185,170,186,170,202,202,185,170,192,170
930,186,186,186,200,186,186,186,185,186,192
931,201,182,201,182,185,189,201,182,187,182
932,186,186,186,184,184,184,186,184,186,184
933,186,291,186,184,186,186,186,186,186,186
934,186,192,186,431,186,186,186,431,186,431
935,201,201,201,187,187,187,201,187,201,187
936,187,192,187,203,187,151,187,203,187,192
937,187,585,187,491,187,187,187,187,7,903
938,187,187,201,192,201,201,187,192,192,192
939,201,201,201,187,201,193,201,187,201,201
940,198,196,198,190,198,181,198,190,198,196
941,188,968,188,36,152,725,188,251,188,126
942,188,188,188,155,188,188,188,188,188,217
943,188,267,188,676,181,181,188,188,188,189
944,188,188,188,183,188,188,188,188,188,188
945,189,189,189,188,189,189,189,189,189,189
946,203,203,203,189,203,203,203,189,203,203
947,191,191,189,191,189,189,188,191,189,191
948,750,824,189,824,33,33,189,189,189,824
949,189,191,189,191,191,191,189,189,191,191
950,190,188,190,191,190,189,190,189,190,189
951,190,582,190,697,332,601,190,228,222,697
952,190,181,190,181,190,228,190,181,190,188
953,190,228,190,265,190,266,190,190,190,266
954,190,190,190,259,190,190,190,190,190,190
955,191,184,191,104,184,189,191,191,191,184
956,191,191,191,186,182,182,191,185,193,193
957,191,191,191,189,191,191,191,191,191,191
958,191,191,191,185,191,191,191,191,191,191
959,191,191,191,189,191,191,191,191,191,189
960,192,186,192,186,192,192,192,192,192,182
961,192,203,192,107,192,192,192,203,192,397
962,192,192,192,199,192,192,192,199,192,792
963,192,233,192,197,233,233,192,233,192,192
964,24,24,192,101,189,972,192,197,23,23
965,187,187,193,187,186,193,193,187,187,187
966,193,193,193,186,193,186,193,186,193,186
967,229,170,198,490,203,265,196,490,198,490
968,182,182,193,182,188,188,193,193,193,189
969,193,192,187,192,196,196,187,192,192,192
970,194,153,194,153,194,194,194,153,194,194
971,194,627,194,629,194,406,194,194,194,680
972,186,189,194,474,434,735,194,265,266,824
973,194,194,194,153,216,216,194,194,194,194
974,194,153,194,153,194,194,194,153,194,153
975,195,245,195,245,158,195,195,245,195,245
976,195,195,195,227,195,245,195,227,245,245
977,195,195,195,750,338,195,284,750,750,721
978,195,264,195,249,251,164,195,264,195,151
979,179,180,195,217,217,256,195,195,217,217
980,217,169,217,169,217,217,169,169,217,217
981,366,366,366,101,343,343,197,385,366,101
982,196,196,197,196,198,196,196,196,196,198
983,265,265,196,796,239,221,196,189,189,189
984,233,192,196,192,192,192,196,192,196,192
985,197,197,183,199,265,183,199,199,197,197
986,197,197,197,358,197,197,197,197,197,197
987,198,197,198,267,197,197,198,197,198,198
988,197,197,197,502,197,197,197,197,197,579
989,197,649,197,646,224,224,197,649,197,649
990,198,226,198,226,198,226,200,175,197,197
991,198,224,198,224,224,224,198,198,197,197
992,198,233,198,233,198,233,198,233,196,233
993,198,198,198,177,198,198,198,198,198,198
994,198,233,198,611,198,210,198,198,198,183
995,199,199,199,369,199,199,199,199,199,199
996,199,199,199,283,197,265,199,192,199,199
997,199,756,199,756,199,706,199,199,580,580
998,199,454,199,454,696,695,199,454,454,454
999,199,199,199,189,199,199,199,199,199,199
1000,200,175,200,175,200,200,200,175,200,175
1001,200,204,200,154,200,194,200,204,200,204
1002,200,200,200,152,200,200,200,200,200,200
1003,200,200,200,226,200,200,200,200,200,200
1004,200,226,200,226,226,226,200,200,200,226
1005,193,193,193,187,193,193,193,193,193,193
1006,182,182,201,225,262,262,201,191,182,182
1007,193,193,201,192,201,201,201,192,201,193
1008,201,201,193,201,201,201,201,201,201,201
1009,201,201,201,187,201,201,201,201,201,201
1010,202,202,202,229,202,202,202,202,202,229
1011,182,184,202,184,202,202,202,184,202,184
1012,202,202,202,194,202,202,202,194,202,194
1013,202,202,202,678,202,202,202,202,202,192
1014,202,266,189,266,181,181,202,266,189,181
1015,203,203,203,191,203,203,203,202,203,202
1016,153,266,153,181,266,266,153,265,153,265
1017,203,203,203,258,203,203,203,203,203,203
1018,203,203,203,192,203,706,203,192,203,203
1019,203,203,203,191,564,210,203,203,203,203
1020,204,204,219,204,207,219,204,204,219,204
1021,204,155,204,155,155,155,204,204,155,155
1022,204,155,204,155,204,204,204,204,204,155
1023,202,204,189,204,204,204,194,204,189,203
1024,204,204,204,971,204,204,204,204,204,204
1025,205,972,205,399,205,205,205,205,205,399
1026,205,197,205,267,205,197,205,205,205,206
1027,256,205,197,264,205,205,205,177,197,256
1028,205,219,205,219,205,205,205,205,205,219
1029,223,256,208,199,205,214,208,199,208,197
1030,206,206,206,297,206,206,206,206,206,50
1031,206,267,206,199,267,267,206,267,267,267
1032,221,824,206,735,327,38,206,69,850,824
1033,206,206,206,221,206,206,206,206,206,206
1034,206,206,206,221,206,221,206,221,206,221
1035,222,222,257,219,258,258,257,257,207,219
1036,207,163,207,180,163,209,207,208,207,209
1037,207,207,207,434,207,207,207,207,207,207
1038,209,182,207,373,182,182,207,372,182,182
1039,222,222,202,176,257,257,222,222,222,176
1040,208,879,208,297,905,281,208,295,234,295
1041,284,171,208,268,208,300,208,254,208,284
1042,208,207,208,186,173,208,208,208,208,209
1043,208,208,208,987,208,208,208,208,208,208
1044,208,254,208,195,210,245,208,246,208,179
1045,209,209,209,208,209,209,209,209,209,209
