2796,932,932,931,110.65288783601991,12.94283676147461,0.06410695445662729,0.014977431572554416
2797,932,932,516,38.261755217689185,7.084071636199951,0.06114214289372261,0.006811751179124276
2798,932,932,934,119.03941179408413,12.339784622192383,0.06156600473464085,0.015224810676631877
2799,933,933,118,116.68504621110664,12.511429786682129,0.06146023987714165,0.015067501801594461
2800,933,933,928,256.2715730656203,28.460498809814453,0.1,0.0784313725490196
2801,933,933,674,166.40811207241472,21.756614685058594,0.1,0.0392156862745098
2802,934,934,809,108.69912140068537,14.757619857788086,0.08854308493174859,0.017538597599869952
2803,934,934,928,115.0124179514561,12.483345985412598,0.06135722570846511,0.014930933761056642
2804,934,934,584,180.25302421483477,19.848424911499023,0.1,0.0392156862745098
2805,935,935,109,279.07875648016454,78.70895385742188,0.1,0.0392156862745098
2806,935,935,923,115.88173633842136,12.65174674987793,0.06140433840479973,0.01512236381360138
2807,935,923,923,115.27230431481658,12.602370262145996,0.061461378189644325,0.015106643560006336
2808,936,936,961,15.980232521719794,5.478975772857666,0.08166268497616672,0.003890778737124347
2809,936,936,938,139.34825364560726,17.139892578125,0.1,0.0392156862745098
2810,936,936,938,267.61705236625534,32.242576599121094,0.1,0.0784313725490196
2811,937,937,938,262.5121017451722,30.443653106689453,0.1,0.0784313725490196
2812,937,937,936,226.8621991353835,26.72624397277832,0.1,0.0784313725490196
2813,937,937,618,159.82728401796453,21.955699920654297,0.1,0.0392156862745098
2814,938,938,928,113.03753324168414,12.363182067871094,0.059412898290508935,0.013756948032831895
2815,938,122,766,34.08059574077761,4.830879211425781,0.029900143059265232,0.0012803398038488123
2816,938,936,936,122.94396221576837,10.869978904724121,0.05457784779373784,0.01133383514153772
2817,939,939,941,113.49683471171879,12.686087608337402,0.06120523370492698,0.014918345315564695
2818,939,939,923,115.72629414499967,12.66759204864502,0.06147093867787616,0.015150557731797843
2819,939,939,616,251.49502726404464,29.223651885986328,0.1,0.0784313725490196
2820,940,940,923,122.94726530117485,11.876901626586914,0.06169645958603217,0.01522166689798583
2821,940,940,951,140.1006822647578,10.83098030090332,0.03583285313322726,0.007510715330548125
2822,940,940,941,168.3109270192881,21.014543533325195,0.1,0.0392156862745098
2823,941,941,515,129.94199018659404,11.364248275756836,0.0517887328140699,0.011228398290846452
2824,941,941,960,127.5425261773373,11.895429611206055,0.06180435415975979,0.015437078931822102
2825,941,941,952,142.25098655745467,11.285171508789062,0.04037601298460269,0.008828501643823906
2826,942,942,448,99.6980928485407,15.714783668518066,0.08846209323776036,0.017533858488364484
2827,942,939,939,21.29605470845645,3.9772238731384277,0.02430699185525387,0.0006751161037822986
2828,942,942,940,119.43032483364445,12.394872665405273,0.06145264226576536,0.015075083583675982
2829,943,939,939,56.50183494394034,2.5551087856292725,0.016651361710487502,0.00021695189822322145
2830,943,943,923,31.77732027571601,4.171009063720703,0.026373772297926267,0.0008612874075645469
2831,943,943,939,94.45009001638188,15.362128257751465,0.08839372338506844,0.017127665146982902
2832,944,944,946,89.37021061140075,16.283475875854492,0.0883357742928348,0.017289637848859247
2833,944,944,946,111.35336929367271,11.977104187011719,0.057304087110226255,0.012360495316276053
2834,944,944,997,92.54785050494188,16.159975051879883,0.08829445692603641,0.01723756054404753
2835,945,949,949,120.18517959391126,12.425673484802246,0.06158377824226488,0.015322968472257847
2836,945,945,943,124.10316267884558,12.190740585327148,0.0617448738950862,0.01545849721566334
2837,945,945,747,119.33246326630568,12.64194393157959,0.0634747237167598,0.016633955611994728
2838,946,946,328,171.75133222719583,23.47598648071289,0.1,0.0392156862745098
2839,946,946,944,91.72647322350805,15.644076347351074,0.08896120254198017,0.017011501070876213
2840,946,946,944,162.9646197322716,22.465721130371094,0.1,0.0392156862745098
2841,947,992,992,119.24820881675107,11.871382713317871,0.040878511151683304,0.008931033665769333
2842,947,947,996,170.4394376161917,23.65566062927246,0.1,0.0392156862745098
2843,947,947,997,116.45977968265248,12.594149589538574,0.061527905703829766,0.015303878143075857
2844,948,948,952,134.26477909440547,18.471445083618164,0.1,0.0392156862745098
2845,948,948,945,107.64178343442902,14.24734115600586,0.08854444290555381,0.01739811363909102
2846,948,948,945,111.92490410225449,12.973677635192871,0.0627539996339972,0.014992287494301634
2847,949,949,696,142.014146072253,10.827349662780762,0.06214403431324346,0.01567080430294954
2848,949,949,943,119.21673743580818,12.43609619140625,0.06142632975574807,0.015061893345874815
2849,949,949,868,173.1315055870048,23.080171585083008,0.1,0.0392156862745098
2850,950,950,722,115.95092297735707,12.470613479614258,0.0613492518214751,0.014991977150555658
2851,950,950,952,111.04529580082934,11.626424789428711,0.04437793338541975,0.008912324385080075
2852,950,950,954,264.7424095869348,29.801673889160156,0.1,0.0784313725490196
2853,951,951,950,198.38054776564695,22.790054321289062,0.1,0.0392156862745098
2854,951,951,957,140.302591045235,11.480646133422852,0.06192907209372664,0.01553248154614886
2855,951,951,952,116.17037554199376,12.700813293457031,0.061430935380017725,0.015195771915120095
2856,952,952,828,119.73102389561895,12.69495964050293,0.06159819188531459,0.015541755746095075
2857,952,952,955,115.8075010412784,12.49486255645752,0.06137376783338865,0.0151153052067581
2858,952,952,952,55.32608509425124,14.439104080200195,0.1,0.0392156862745098
2859,953,953,953,56.28849052342804,15.35983943939209,0.1,0.0392156862745098
2860,953,953,109,169.3545388977892,23.62343406677246,0.1,0.0392156862745098
2861,953,953,109,114.16270980511385,12.783218383789062,0.06121085566844888,0.014975151448388666
2862,954,954,111,45.176732535789625,4.059079647064209,0.0606777076171406,0.0008321609462678525
2863,954,954,506,213.76159614474042,19.69502067565918,0.1,0.0392156862745098
2864,954,954,76,120.40133079447044,12.543806076049805,0.06160697582960856,0.015416771196261444
2865,955,714,714,46.88523611408729,6.675159931182861,0.06193651819962014,0.007198212752482731
2866,955,955,109,409.4985544622179,84.41099548339844,0.1,0.0784313725490196
2867,955,955,896,114.64364154578563,12.752725601196289,0.06124172223943848,0.015019505157786557
2868,956,956,990,171.41599096210604,23.632829666137695,0.1,0.0392156862745098
2869,956,956,616,117.31901480928056,12.188220977783203,0.0612425189590892,0.014936596139350885
2870,956,956,956,14.637783872890497,11.199962615966797,0.1,0.0392156862745098
2871,957,989,989,123.80627475485514,12.12809944152832,0.06171547122397521,0.015224735445395886
2872,957,957,928,102.75039080257612,14.571195602416992,0.0772483840125995,0.01528680964667778
2873,957,957,928,118.9020398692651,12.537447929382324,0.06152351641898451,0.0153528458808889
2874,958,958,987,250.24730266171088,28.941082000732422,0.1,0.0784313725490196
2875,958,958,958,45.09733805803136,14.863009452819824,0.1,0.0392156862745098
2876,958,958,649,162.81581903158673,22.471969604492188,0.1,0.0392156862745098
2877,959,959,924,95.74120500492124,15.547165870666504,0.08845349954720744,0.017448816478395326
2878,959,959,923,172.3143321963239,20.7978458404541,0.1,0.0392156862745098
2879,959,959,363,209.34905764124184,33.29069519042969,0.1,0.0392156862745098
2880,960,960,928,114.55510814690183,12.722620010375977,0.061377230490564795,0.015113627127626563
2881,960,960,809,123.60211990273177,12.067097663879395,0.06146218308470567,0.015058111283309233
2882,960,960,441,159.55187873340515,19.863428115844727,0.1,0.0392156862745098
2883,961,961,107,114.2146682680273,12.603636741638184,0.06143626145901647,0.015015517628110073
2884,961,961,951,116.76854852431067,12.6873197555542,0.06144057225657516,0.015263897176056411
2885,961,828,828,115.2516397193423,12.672478675842285,0.06123443893194515,0.01498817220940903
2886,962,962,576,121.69904033538565,12.570990562438965,0.061734875449310146,0.015560359481512145
2887,962,962,809,104.87192086850646,14.377211570739746,0.08848552023737306,0.01730467300199152
2888,962,962,329,197.0414059411768,30.27736473083496,0.1,0.0392156862745098
0,0,0,106,52.0025491579341,9.022063255310059,0.0941034034843162,0.010416250587512317
1,0,0,0,21.34404452368572,6.370329856872559,0.1,0.0392156862745098
2,0,0,362,263.50521373627697,31.29451560974121,0.1,0.0784313725490196
3,1,1,329,112.72445470683992,12.304007530212402,0.049595762137602216,0.011102881043373713
4,1,1,33,161.87234613082316,22.902740478515625,0.1,0.0392156862745098
5,1,1,50,119.50606215351924,12.375360488891602,0.06132568798817767,0.01500646601143648
6,2,2,694,116.70086358161346,12.492656707763672,0.06126454698173763,0.014974845649684609
7,2,2,2,19.73390276090128,17.17779541015625,0.1,0.0392156862745098
8,2,2,3,87.37414390008804,16.54842185974121,0.0881731487126465,0.017003496495198223
9,3,3,2,59.52337935675141,10.675647735595703,0.06955721319136324,0.0004883567649339553
10,3,3,3,19.896018156648545,15.887961387634277,0.1,0.0392156862745098
11,3,3,2,120.77828809690497,12.37509536743164,0.055642557442506714,0.01308940705293711
12,4,4,3,126.7509672688184,12.097400665283203,0.05441941765584568,0.012541879297064226
13,4,4,65,199.617537184844,40.01811218261719,0.1,0.0392156862745098
14,4,4,395,272.57945450422204,56.43104553222656,0.1,0.0392156862745098
15,5,5,6,114.43685325583326,11.967477798461914,0.040247317148226464,0.008734597357310657
16,5,5,539,59.28095822813189,11.397115707397461,0.09621465266009335,0.01879277831502734
17,5,5,741,39.32683335519829,5.566296100616455,0.1152683065814838,0.06560320704832139
18,6,6,913,90.97714751531753,16.21137046813965,0.08830859328614417,0.017289966200534992
19,6,6,2,116.05130385673485,12.474421501159668,0.06128507021835287,0.01500694071718776
20,6,6,5,113.17073892078788,12.746118545532227,0.06105730217953593,0.014794426778122132
21,7,7,8,93.02044002135243,16.13119125366211,0.08794867570155332,0.016924122328271347
22,7,7,611,207.8024532641222,26.41922378540039,0.1,0.0392156862745098
23,7,7,8,114.25863349941432,12.263876914978027,0.06308166890147389,0.014741870363377752
24,8,8,7,174.14453710110837,23.332935333251953,0.1,0.0392156862745098
25,8,7,7,63.49521508987165,5.831310749053955,0.03904040493746049,0.0028333601269835106
26,8,8,7,173.61584691524985,23.720558166503906,0.1,0.0392156862745098
27,9,9,124,280.7454468087438,33.26829528808594,0.1,0.0784313725490196
28,9,9,138,118.22682513223913,11.311083793640137,0.05684275837945718,0.012022252255818416
29,9,9,299,248.2987496308095,29.696880340576172,0.1,0.0784313725490196
30,10,10,15,87.14889057855697,13.518017768859863,0.09743489269828637,0.027247970792279634
31,10,10,10,26.62759658593928,16.237470626831055,0.1,0.0392156862745098
32,10,10,13,89.68954954131671,16.294832229614258,0.08825462727356455,0.01713204493427171
33,11,11,904,130.9468100769965,11.64376163482666,0.06162749628366816,0.015211651199485258
34,11,11,11,28.19494416606715,17.027925491333008,0.1,0.0392156862745098
35,11,11,912,176.04597522247755,24.803062438964844,0.1,0.0392156862745098
36,12,12,11,169.23425455547056,21.761220932006836,0.1,0.0392156862745098
37,12,12,12,27.705043361598488,16.20595932006836,0.1,0.0392156862745098
38,12,12,82,194.12843949174817,28.81364631652832,0.1,0.0392156862745098
39,13,13,13,46.71996713942975,15.970860481262207,0.1,0.0392156862745098
40,13,13,43,153.43699179240434,22.041954040527344,0.1,0.0392156862745098
41,13,13,12,110.97197908501015,11.862488746643066,0.053207822239334186,0.010963992181534436
42,14,14,621,272.4399023367726,32.725486755371094,0.1,0.0784313725490196
43,14,14,94,191.80866266173325,30.758480072021484,0.1,0.0392156862745098
44,14,14,17,92.04620239058674,13.814139366149902,0.09658802696543758,0.026028030216147423
45,15,15,15,67.90834922648894,15.427985191345215,0.1,0.0392156862745098
46,15,15,20,168.7778183558484,23.03044319152832,0.1,0.0392156862745098
47,15,15,109,268.0516280499138,32.32173538208008,0.1,0.0784313725490196
48,16,16,51,265.8565311485188,31.098358154296875,0.1,0.0784313725490196
49,16,16,94,107.28546726002624,12.220988273620605,0.05705578122764319,0.01225796680186798
50,16,16,87,54.97204912820134,9.2898588180542,0.06110365841366759,0.00104024883978528
51,17,17,84,171.95626284855854,23.56023406982422,0.1,0.0392156862745098
52,17,17,17,21.91858056989043,16.53082275390625,0.1,0.0392156862745098
53,17,17,88,180.4399351921143,26.164047241210938,0.1,0.0392156862745098
54,18,18,84,251.62592664484066,29.892541885375977,0.1,0.0784313725490196
55,18,18,99,262.4224635007368,31.085487365722656,0.1,0.0784313725490196
56,18,18,815,114.9674453386199,12.63677978515625,0.06142904438870557,0.01502399464646768
57,19,19,19,67.05509072044369,14.471136093139648,0.1,0.0392156862745098
58,19,19,19,43.77895530485792,16.006141662597656,0.1,0.0392156862745098
59,19,19,777,95.02139490276576,15.95062255859375,0.09034810949509434,0.019534950829389018
60,20,20,90,343.49821036721175,33.330501556396484,0.1,0.0784313725490196
61,20,20,94,116.05104946351942,12.042434692382812,0.05233198680292267,0.011631240134157509
62,20,20,80,205.25608369227035,37.348548889160156,0.1,0.0392156862745098
63,21,21,94,240.5064689391877,23.91993522644043,0.1,0.0784313725490196
64,21,21,19,107.1692196950588,11.937910079956055,0.048367622180525205,0.00994624128183141
65,21,21,144,16.837511536564836,12.980672836303711,0.08010310131332109,0.0001939431966134393
66,22,22,22,58.409058047926194,12.505034446716309,0.1,0.0392156862745098
67,22,815,815,114.34783749959361,12.712106704711914,0.061871147806376,0.015376161422620393
68,22,22,128,10.824947381821172,7.642606735229492,0.046460672542555176,0.0006460259128406309
69,23,23,8,92.7650575922626,15.900239944458008,0.08837418625331149,0.01734911532962366
70,23,23,390,116.62949014447838,12.889127731323242,0.06316671309608443,0.016298203173414752
71,23,23,127,166.03840526135778,19.695146560668945,0.1,0.0392156862745098
72,24,24,370,117.24705765756995,12.486814498901367,0.061403301466076636,0.015094750694121657
73,24,24,721,324.370228000934,41.655555725097656,0.1,0.0784313725490196
74,24,24,47,91.19124455513465,16.343769073486328,0.08834128551313575,0.01738793373493153
75,25,25,37,125.69889384672771,11.568281173706055,0.061727856518723964,0.015324438344674039
76,25,25,28,117.46937857761017,12.582062721252441,0.06140316538014813,0.015129011748804835
77,25,25,31,95.67073967904105,14.548851013183594,0.07465663363056066,0.01327281323030825
78,26,26,394,61.45155125428312,9.004339218139648,0.06290209774115113,0.009977671822446155
79,26,25,28,124.04048694614445,12.255597114562988,0.05925367611378076,0.01478199848726993
80,26,28,28,18.905399013032536,4.72286319732666,0.027472983987654086,0.0010794347888799238
81,27,27,39,251.31980278364935,30.039169311523438,0.1,0.0784313725490196
82,27,27,76,119.07091832787003,12.445764541625977,0.06158094471217311,0.015221143147157116
83,27,27,310,172.02844429743942,23.283754348754883,0.1,0.0392156862745098
84,28,28,25,114.07029528875002,12.364449501037598,0.049589576028853444,0.011101470505271716
85,28,28,26,74.51625416530455,10.578351020812988,0.10016248694768182,0.03188712614267601
86,28,25,25,69.72697612570312,6.8777875900268555,0.049904013544813386,0.005163676371430909
87,29,29,26,109.41126269039242,12.071346282958984,0.04956527427601738,0.010288671122380699
88,29,29,1,122.17187628415354,11.7642240524292,0.049682295939640866,0.010997369703770386
89,29,29,390,116.58522250940294,12.461207389831543,0.061239724212667476,0.014933824218387265
90,30,32,32,21.557289281895194,3.8410699367523193,0.023487960005476326,0.0006071267861463801
91,30,30,32,132.27591769363042,11.748136520385742,0.06202274598511403,0.015656289149232457
92,30,30,32,113.5728069487857,12.733759880065918,0.06135949506579222,0.014986969993053188
93,31,31,47,153.99964521915496,21.996339797973633,0.1,0.0392156862745098
94,31,31,116,108.54541630726379,8.72118091583252,0.024756434560699148,0.003228520237582605
95,31,31,47,119.37587826353335,11.782959938049316,0.04806318986063615,0.009816733049626141
96,32,47,47,114.08339091324008,12.219011306762695,0.053950405531705166,0.011949428968656532
97,32,30,30,3.602092328043146,4.0901103019714355,0.03866303785589986,0.00040260322982372046
98,32,32,31,110.00371103405725,11.959819793701172,0.049166114981556076,0.010055534225215455
99,33,34,34,8.01739046926358,3.1287002563476562,0.01893734793347794,0.000314476682396328
100,33,491,853,124.58553907166764,12.177372932434082,0.061789025865570675,0.015471258840408893
101,33,33,327,115.65569825162113,12.546684265136719,0.06118472425432012,0.014886933717797219
102,34,34,640,216.635120914561,73.37092590332031,0.1,0.0392156862745098
103,34,33,3,113.41763310623621,12.758352279663086,0.061155609856557006,0.014918060979724715
104,34,34,36,168.7506277865051,23.75698471069336,0.1,0.0392156862745098
105,35,35,36,87.91476992565049,16.481826782226562,0.08824839341367047,0.01711849167505418
106,35,35,37,93.34161851488169,16.091047286987305,0.08831600124113605,0.01722778057746014
107,35,35,36,203.75084239560007,32.65283966064453,0.1,0.0392156862745098
108,36,36,35,97.72550254617951,15.491633415222168,0.08846268330719806,0.017391104858439244
109,36,33,5,115.03547057386827,11.680037498474121,0.051552076451442705,0.010697640557044013
110,36,36,34,42.651058508903205,7.356738567352295,0.0645629838302844,0.007989798364376027
111,37,37,35,175.19485090666473,23.698509216308594,0.1,0.0392156862745098
112,37,37,37,67.61249895880233,13.060230255126953,0.1,0.0392156862745098
113,37,37,35,93.6774493750153,16.1103458404541,0.08834807782314372,0.017375357384411597
114,38,38,47,86.28466687259461,12.539482116699219,0.09835885058963538,0.02881095683536538
115,38,38,43,115.67272997777329,11.853318214416504,0.04269482456344985,0.00935692834087732
116,38,38,40,51.26525225109872,6.7650837898254395,0.04792125146571507,0.004521209483498115
117,39,39,304,254.0031941617013,29.41961097717285,0.1,0.0784313725490196
118,39,39,43,114.06732479610915,12.712108612060547,0.06130046581477985,0.01498293445858774
119,39,39,48,115.88074300343811,12.569915771484375,0.06141402306404246,0.015069893574771495
120,40,40,46,115.11331778114915,11.756468772888184,0.04641553445757753,0.009531491462397332
121,40,40,46,112.77405035923466,12.718127250671387,0.06101805599509132,0.014754955049386623
122,40,40,46,103.06707009880512,15.327646255493164,0.08880982164465254,0.01771220795302
123,41,41,41,28.989267466325195,12.392598152160645,0.1,0.0392156862745098
124,41,41,971,195.79820047030168,32.02128219604492,0.1,0.0392156862745098
125,41,41,44,117.27637362884047,12.730498313903809,0.05742457436278374,0.014081690590604979
126,42,42,42,21.24626261588944,16.1452693939209,0.1,0.0392156862745098
127,42,42,42,70.55724264558935,14.124207496643066,0.1,0.0392156862745098
128,42,42,39,188.74103960081905,21.001739501953125,0.1,0.0392156862745098
129,43,43,357,10.286341170409102,3.138009786605835,0.11187894855490874,0.01053567148645297
130,43,43,67,22.094255457769826,4.040440559387207,0.02465373689300478,0.0007062947110125402
131,43,43,61,171.26368225173596,23.470474243164062,0.1,0.0392156862745098
132,44,44,47,290.87576142531407,36.11989974975586,0.1,0.0784313725490196
133,44,44,54,122.73983713644526,12.305572509765625,0.06159857682918762,0.015330390876777237
134,44,44,60,89.79895303616848,16.167152404785156,0.08833753516802416,0.017272633755151583
135,45,45,109,247.91778965182414,28.7886962890625,0.1,0.0784313725490196
136,45,45,44,162.39471164677462,22.1967716217041,0.1,0.0392156862745098
137,45,45,45,43.86148524735634,16.258981704711914,0.1,0.0392156862745098
138,46,46,30,95.02342788254832,16.37003517150879,0.08835841546404506,0.017578888504499637
139,46,46,309,96.39024687023976,15.75660228729248,0.08837136711831119,0.017317846619217772
140,46,39,39,113.15404163840476,12.03497314453125,0.058028193349173564,0.012862018248994845
141,47,47,31,120.40258536450808,12.644086837768555,0.05590751779268493,0.013550783775287994
142,47,47,46,106.80559834502269,11.799934387207031,0.05242610777066977,0.01052167866188461
143,47,47,46,119.30131798101931,12.811985969543457,0.06264154456400474,0.0163445340703492
144,48,48,839,119.42985437702656,12.419200897216797,0.06145508861418403,0.015154785753201502
145,48,48,44,89.88727133210348,16.323060989379883,0.08824926332187415,0.01717683092651892
146,48,48,39,114.89553655858178,12.716096878051758,0.06193780962740571,0.015418869552029011
147,49,49,58,11.41220221281976,3.4436981678009033,0.020866378649274656,0.0004225894568156974
148,49,49,50,16.335096684139348,3.8963236808776855,0.02362969740592503,0.0006208465897426067
149,49,49,45,89.88601819615181,16.256305694580078,0.08826764742742725,0.01712254485411704
150,50,50,748,256.65569249055443,30.27585220336914,0.1,0.0784313725490196
151,50,50,49,173.04110154973785,22.88041114807129,0.1,0.0392156862745098
152,50,50,49,116.94197016010105,12.527376174926758,0.061257753241391245,0.01492177386423885
153,51,51,295,23.565123936144783,3.78741455078125,0.1067889435857155,0.008515984582861765
154,51,51,857,168.8894020345252,23.499408721923828,0.1,0.0392156862745098
155,51,51,489,171.78335865971488,22.921842575073242,0.1,0.0392156862745098
156,52,52,58,170.2765588092624,23.973989486694336,0.1,0.0392156862745098
157,52,52,53,98.08432787776412,15.794397354125977,0.08838938440719635,0.01740488861547584
158,52,52,58,115.98697240798855,12.505754470825195,0.061372218972677056,0.015023530013022538
159,53,53,52,162.44439482472683,22.448945999145508,0.1,0.0392156862745098
160,53,53,57,107.11749737919511,11.658376693725586,0.0507125071576155,0.010086801233464286
161,53,53,816,479.4414246621914,57.888084411621094,0.1,0.0392156862745098
162,54,54,67,149.96037084219924,9.095441818237305,0.02914820894046898,0.004367562582998072
163,54,54,66,29.72601335695015,12.807229995727539,0.08031393782322732,0.0009822344582118732
164,54,54,67,90.84488296680102,16.337499618530273,0.08839060590646601,0.017484356264617713
165,55,55,59,183.41359543267023,26.25135040283203,0.1,0.0392156862745098
166,55,55,59,281.93209828356316,96.99798583984375,0.1,0.0392156862745098
167,55,55,64,252.46959839787473,30.134170532226562,0.1,0.0784313725490196
168,56,56,65,112.9979595747789,12.62085247039795,0.06133155750044367,0.014876192267329193
169,56,56,60,120.6491271798726,12.239460945129395,0.06155875314596206,0.015175145269164008
170,56,56,60,101.59620818847692,16.187335968017578,0.08609670572466387,0.019095096059298346
171,57,57,327,213.7714416382422,30.89517593383789,0.1,0.0392156862745098
172,57,57,68,90.9185703429936,15.506905555725098,0.08943745609276378,0.017013149226360998
173,57,57,327,185.6585683903052,25.56260108947754,0.1,0.0392156862745098
174,58,67,43,47.61673389467434,7.522578716278076,0.047528741618177765,0.004977008176620173
175,58,58,44,110.46962197241481,12.501867294311523,0.05917846228344043,0.013557669492001271
176,58,58,320,110.78001366515144,12.06329345703125,0.04151034880741948,0.00898857915956797
177,59,59,55,90.42797358783844,16.302833557128906,0.08830426978273377,0.01723308212369162
178,59,59,55,115.72583037471165,12.975232124328613,0.06311554196326429,0.016298623674011904
179,59,59,55,106.99984462385166,15.884918212890625,0.08844903277230322,0.017742792154698612
180,60,60,67,92.57880596437121,16.093183517456055,0.08837091509216043,0.017312071082194787
181,60,60,56,88.09955334539232,16.429649353027344,0.08826714841188829,0.017158059232514903
182,60,63,63,114.8658806361616,12.724944114685059,0.06129964079725667,0.014998452551752691
183,61,61,62,162.40734956279968,22.35207176208496,0.1,0.0392156862745098
184,61,61,60,115.60076760405184,12.525276184082031,0.061308836778456714,0.014951240797646304
185,61,61,813,119.64632511656119,12.271336555480957,0.06146051960857219,0.015028396525957635
186,62,62,26,15.523637664888097,5.50481653213501,0.10300732964227227,0.00814872310447514
187,62,62,60,6.091482225556226,4.7185773849487305,0.0874436952245523,0.0003743931899610757
188,62,62,61,29.24851356345936,6.122483730316162,0.10410130055191358,0.01793765234600979
189,63,63,67,104.10215553654939,11.83411979675293,0.05456326037670206,0.010846266412784987
190,63,63,53,97.08130215167272,15.975339889526367,0.08795706619866143,0.01695910579627761
191,63,63,887,151.91309522060226,20.67860984802246,0.1,0.0392156862745098
192,64,46,55,13.284052868479874,3.9168131351470947,0.02372308066757463,0.0006253437069220595
193,64,64,55,118.06016158430748,13.01747989654541,0.0636393274672915,0.01683678773088225
194,64,64,55,117.38023845644261,12.75865364074707,0.062088097357042536,0.01566990252155589
195,65,65,328,266.7389533070917,30.43221092224121,0.1,0.0784313725490196
196,65,65,65,51.53559733630208,16.406583786010742,0.1,0.0392156862745098
197,65,65,983,107.58202232554785,11.71801471710205,0.04864565112925287,0.009732246485501198
198,66,54,54,118.42326687728404,12.512482643127441,0.06155802998202083,0.015279167955219861
199,66,57,57,15.850018199761324,4.691751956939697,0.08132629838942208,0.0012649953787231892
200,66,68,68,117.24268994877403,12.518552780151367,0.055558127022828044,0.0131328153196048
201,67,54,54,39.58699458855721,6.616150379180908,0.04176654444038416,0.003361518398821175
202,67,68,68,104.55063680688886,11.793498992919922,0.0507785802748108,0.010179946862539892
203,67,67,66,119.71795622936324,12.478073120117188,0.06271947055425606,0.015910094847556823
204,68,68,66,109.98928260620451,12.095208168029785,0.05138323827400954,0.010954524090663931
205,68,68,67,28.939090999481426,6.316213130950928,0.10259397127781308,0.01444235802125782
206,68,68,62,119.71591619401661,12.325089454650879,0.061467274248440104,0.01514251872334331
207,69,69,461,121.96156778033924,12.500338554382324,0.06337917249249825,0.01639896201955479
208,69,69,126,93.70790306357003,14.35776424407959,0.09465424138180312,0.023256912331445806
209,69,69,616,113.31494657171612,12.055689811706543,0.05876539198979247,0.013268171705609122
210,70,70,75,115.42728415597529,12.935979843139648,0.0639721623400783,0.01667156529713625
211,70,70,307,113.77404165595647,12.728080749511719,0.06111402135749806,0.014845346780622128
212,70,70,70,20.125769035569245,12.657318115234375,0.1,0.0392156862745098
213,71,44,44,32.07520303408967,4.180552959442139,0.025988771064098422,0.0008286257249843325
214,71,71,78,111.59176376074791,14.554486274719238,0.08844886109285692,0.01937601612896254
215,71,71,116,117.5203877716014,12.427685737609863,0.06139872061654445,0.015044607609505121
216,72,72,74,90.13687903011929,16.36789321899414,0.08822871497477053,0.017131577635337927
217,72,72,74,120.35959880845921,12.297691345214844,0.0614569032794537,0.015113613638322934
218,72,72,74,92.47138813876256,15.460989952087402,0.08854218602372249,0.017224707609832635
219,73,75,75,62.395937988615664,9.138742446899414,0.06440866361710067,0.010621179426560762
220,73,73,73,41.87720239281834,15.911930084228516,0.1,0.0392156862745098
221,73,77,77,144.6379249305097,10.951547622680664,0.050537599232660255,0.01175411212093672
222,74,74,72,122.91160481158668,12.236532211303711,0.061650422964893065,0.015349963834290457
223,74,74,73,112.06386543305796,12.681260108947754,0.060300191279012504,0.014351615827861233
224,74,815,815,107.8009009206818,11.976618766784668,0.056632165634967764,0.01187794941254447
225,75,75,73,116.34289532804276,12.529007911682129,0.06132835576970203,0.014998542702782006
226,75,75,73,84.95214292845482,16.404136657714844,0.08619737582357045,0.01485067698874017
227,75,75,679,188.9764654143496,24.385496139526367,0.1,0.0392156862745098
228,76,76,77,168.32650795664708,23.944705963134766,0.1,0.0392156862745098
229,76,76,124,119.86641577685778,12.346227645874023,0.06144696310504242,0.015105043094739427
230,76,73,73,121.29859443435598,12.439635276794434,0.06156833583532231,0.01525611945338489
231,77,77,73,116.8546932589182,12.926155090332031,0.06390553013326442,0.016781168861391835
232,77,77,76,127.00802788480948,11.770977020263672,0.06160766864734555,0.015095012102503167
233,77,77,74,113.58530089362591,12.46324634552002,0.05940718169353728,0.013807114570918513
234,78,120,120,42.43816519875564,4.9979448318481445,0.05917433343182794,0.004377187447875731
235,78,78,310,141.81789746204834,11.190415382385254,0.04306658189968497,0.009666973837651138
236,78,305,120,113.8378940437411,12.770670890808105,0.061934846102201485,0.015349001603576013
237,79,79,79,21.647656930581174,16.740957260131836,0.1,0.0392156862745098
238,79,79,312,113.23151787684182,12.691643714904785,0.0615001697888638,0.01500474713090558
239,79,79,70,204.18570625707804,30.444307327270508,0.1,0.0392156862745098
240,80,80,136,114.17727771150554,12.127930641174316,0.042953983480858014,0.009498577503808812
241,80,81,85,46.575096846815256,6.303506374359131,0.056772832161295195,0.00551144112618613
242,80,80,8,25.64687202226808,7.410702228546143,0.09604802272698724,0.00608584212254279
243,81,81,82,173.6715138152704,24.50950050354004,0.1,0.0392156862745098
244,81,81,81,106.21731903726175,13.833929061889648,0.1,0.0392156862745098
245,81,81,138,93.66245709496054,15.98755168914795,0.0883493303113897,0.017318898048962143
246,82,82,142,283.3160720152144,33.763885498046875,0.1,0.0784313725490196
247,82,86,86,11.91235102315252,3.6629889011383057,0.022220926786570016,0.0005110587210271737
248,82,305,305,52.40388392638034,4.183030605316162,0.027262954462986922,0.0009575484169700339
249,83,83,82,203.82898662400308,31.94295883178711,0.1,0.0392156862745098
250,83,83,83,11.877842127408613,17.352907180786133,0.1,0.0392156862745098
251,83,83,83,27.456372750569955,15.739839553833008,0.1,0.0392156862745098
252,84,84,806,254.0144127976383,29.58087921142578,0.1,0.0784313725490196
253,84,84,328,253.82416291703808,29.656333923339844,0.1,0.0784313725490196
254,84,84,84,44.95431434568194,15.978370666503906,0.1,0.0392156862745098
255,85,85,488,113.42037607543148,12.686266899108887,0.06128948491803231,0.014995984503782374
256,85,85,81,118.18094739111832,12.518963813781738,0.061366470858418995,0.015050605494566126
257,85,85,80,180.11316554967007,25.541404724121094,0.1,0.0392156862745098
258,86,86,876,118.4284574611903,12.463701248168945,0.061338952157421224,0.015038056718272432
259,86,86,82,168.05701547042105,24.20038414001465,0.1,0.0392156862745098
260,86,86,82,140.32242624335842,10.01239013671875,0.06313835685772665,0.016537987004795852
261,87,489,489,30.411904445422,3.708423614501953,0.022835609313112168,0.000558836234859441
262,87,87,88,113.98487891390448,13.206328392028809,0.07100778197348283,0.015261484610580647
263,87,87,51,165.24292500854392,23.744178771972656,0.1,0.0392156862745098
264,88,88,90,94.44991277869705,15.988859176635742,0.08836368732295642,0.017264391798551677
265,88,88,90,100.42582617390782,15.414196014404297,0.08845184056599234,0.017371280050242632
266,88,88,90,119.52223739933758,12.578700065612793,0.0598569606438116,0.014545055681716428
267,89,89,132,89.25146208014782,16.26218605041504,0.08831831636295512,0.01715420313522909
268,89,89,324,114.66834181932552,12.566051483154297,0.060633526790762456,0.014565935834402091
269,89,89,8,170.30374504534282,22.230165481567383,0.1,0.0392156862745098
270,90,90,91,116.24428246510338,12.551170349121094,0.06126565757940189,0.014985374896408332
271,90,88,88,116.25688980074928,12.73388957977295,0.06142966321121477,0.015199533188902447
272,90,90,84,118.1783546574392,12.577460289001465,0.06285662572000049,0.016084783522269906
273,91,91,85,119.66991099636823,12.204008102416992,0.06146691890983575,0.015078039721834826
274,91,91,90,166.04737388199223,22.068445205688477,0.1,0.0392156862745098
275,91,91,46,116.99992161869861,12.756340980529785,0.061477817382198846,0.015332408689040653
276,92,92,59,158.3476907582476,22.239835739135742,0.1,0.0392156862745098
277,92,92,303,118.55036752620765,12.679713249206543,0.06404935846991314,0.01679243627037392
278,92,92,94,110.90041048708396,12.443950653076172,0.059383556030600956,0.013637431560219813
279,93,93,96,115.77688023731535,12.559699058532715,0.06127130501021655,0.014956455935146263
280,93,93,96,89.0903551229817,16.356401443481445,0.08827348319596826,0.017159488568710822
281,93,93,96,114.887540606783,13.627700805664062,0.07321085486860134,0.016793016093978597
282,94,94,314,170.88656048385013,23.309572219848633,0.1,0.0392156862745098
283,94,94,142,183.2729606834838,26.802278518676758,0.1,0.0392156862745098
284,94,94,114,253.99542846570154,29.88182258605957,0.1,0.0784313725490196
285,95,95,94,88.87756668152217,16.445091247558594,0.08822759749002745,0.01716685835653186
286,95,95,94,116.5912458081903,12.700440406799316,0.062105814746543635,0.015599900116570854
287,95,95,94,91.18846903945398,16.044965744018555,0.08832469547421658,0.01714928073148987
288,96,96,489,238.6203491326694,56.62855529785156,0.1,0.0392156862745098
289,96,96,850,171.85818871881935,23.030744552612305,0.1,0.0392156862745098
290,96,96,88,90.34968489299511,16.26819610595703,0.08829464764536454,0.017231032609722145
291,97,97,82,113.70771911969325,12.664753913879395,0.06113860616741538,0.01483151236785028
292,97,99,142,115.84815521551124,12.800788879394531,0.06266310378125464,0.01585372129070166
293,97,97,99,92.3079010921661,16.430057525634766,0.08792935701329017,0.01695395196679186
294,98,98,99,157.20753324372234,18.384628295898438,0.09832214687314075,0.061698444460869264
295,98,98,128,160.60130475753226,22.948022842407227,0.1,0.0392156862745098
296,98,98,97,169.08988711872084,24.039134979248047,0.1,0.0392156862745098
297,99,99,97,167.62301797533482,22.397968292236328,0.1,0.0392156862745098
298,99,99,146,99.86206100905812,14.806893348693848,0.07839961984939861,0.015851644215859335
299,99,99,99,42.919822261577664,16.072195053100586,0.1,0.0392156862745098
300,100,100,99,261.2704700093389,31.500207901000977,0.1,0.0784313725490196
301,100,100,100,27.354842599255598,15.654861450195312,0.1,0.0392156862745098
302,100,100,99,251.92057626933092,30.15995979309082,0.1,0.0784313725490196
303,101,386,386,88.43129010981019,16.455324172973633,0.0882869246961183,0.017195823394534748
304,101,101,386,89.01715101547536,16.256275177001953,0.0883272788696811,0.01721062540349206
305,101,101,386,115.65770029098438,12.533553123474121,0.061470347519580616,0.015005291558460636
306,102,102,437,180.97804051243344,27.103578567504883,0.1,0.0392156862745098
307,102,102,334,113.82616373392045,12.68963623046875,0.06124426101908333,0.01497756920503095
308,102,102,108,169.90588636170287,23.630786895751953,0.1,0.0392156862745098
309,103,342,294,14.250003377650126,5.595273971557617,0.07248982632838145,0.003909763280569982
310,103,103,337,10.595221067101727,4.7960638999938965,0.10554432894908627,0.0077074474554169265
311,103,103,397,90.96555838515442,13.853710174560547,0.09656859293213754,0.025952750748763277
312,104,104,331,168.30074540261256,24.069929122924805,0.1,0.0392156862745098
313,104,104,342,104.15277729362369,14.769719123840332,0.0885132955111461,0.017477283643401023
314,104,104,355,117.53068413515231,12.383541107177734,0.0614290469169775,0.015044700424627331
315,105,105,377,177.84446411131194,25.645776748657227,0.1,0.0392156862745098
316,105,105,372,119.58885378694714,12.2461519241333,0.06137932019535744,0.015061821230427836
317,105,105,104,117.62036595553063,12.498120307922363,0.06135013954057266,0.015000713148668885
318,106,106,269,114.19667010310162,12.707528114318848,0.06132187288832422,0.015019897523533637
319,106,341,341,120.47685657551808,12.26293659210205,0.061418379895594885,0.015077307971566138
320,106,106,104,123.44167517720493,11.307040214538574,0.05686675139752971,0.012120767722669217
321,107,107,845,162.20559525940067,21.74958038330078,0.1,0.0392156862745098
322,107,107,574,99.2693514284617,14.897272109985352,0.07730065357860234,0.015384523380748201
323,107,107,107,43.099971301386816,16.601238250732422,0.1,0.0392156862745098
324,108,108,109,251.31021948939693,29.55002784729004,0.1,0.0784313725490196
325,108,108,328,114.57351580752407,12.554420471191406,0.06058529074675743,0.014608589837286922
326,108,991,991,25.892172308758774,5.001232624053955,0.03041071559771981,0.0013531873927800815
327,109,109,973,224.5668304460497,38.00393295288086,0.1,0.0392156862745098
328,109,109,973,114.61889445191996,12.035965919494629,0.0587737362338227,0.013353198321547972
329,109,109,973,115.45488834626443,12.768385887145996,0.06323621568012161,0.015886053775393667
330,110,110,115,109.54348094082073,11.584558486938477,0.05102904132725751,0.010279609654886977
331,110,110,115,168.45957013846592,23.50425910949707,0.1,0.0392156862745098
332,110,110,110,34.319027061730985,20.314085006713867,0.1,0.0392156862745098
333,111,488,488,114.68804741407432,12.458024978637695,0.06504413707876097,0.0161337765221072
334,111,111,124,73.9051119980114,8.237833023071289,0.0689912577361289,0.005913965374444085
335,111,902,902,59.40846650348556,8.091297149658203,0.056743089667375596,0.007426200882840064
336,112,112,116,105.95469940560716,14.575796127319336,0.08859802075909118,0.01757855827506842
337,112,112,994,9.966840112997414,6.081400394439697,0.036844177932445314,0.000740485549121643
338,112,112,69,154.4620404182607,21.2443790435791,0.1,0.0392156862745098
339,113,113,911,253.83071301079153,29.51254653930664,0.1,0.0784313725490196
340,113,113,304,91.84882921563994,16.195911407470703,0.08829309070512356,0.01718586944868523
341,113,988,988,117.834220431285,12.53947639465332,0.06149060209558256,0.015329794598926302
342,114,114,737,105.51170648460581,11.781647682189941,0.052392248360499286,0.010508484302210366
343,114,114,58,118.08421982511977,12.68799877166748,0.06267999213507655,0.015920495528444753
344,114,113,113,113.26779681422524,12.695435523986816,0.06137317690505131,0.014936939947008142
345,115,115,107,118.69289175397752,12.421370506286621,0.061278909662823705,0.01498066891020634
346,115,115,110,111.88035858446209,13.322654724121094,0.06665175969819707,0.01511835686151999
347,115,115,110,126.97016345577127,12.026961326599121,0.06182065976471374,0.015443220286311145
348,116,116,69,98.29030124874623,16.029001235961914,0.08840939222451215,0.017538127754128833
349,116,116,109,163.89420282900093,22.366586685180664,0.1,0.0392156862745098
350,116,116,115,118.92059407080416,12.6692476272583,0.06155871678406816,0.01540919334583294
351,117,117,125,161.0046694531177,22.535776138305664,0.1,0.0392156862745098
352,117,117,619,66.790917447527,11.341352462768555,0.09271393274660705,0.01428706060737744
353,117,117,806,472.35957471580394,51.86491775512695,0.1,0.0392156862745098
354,118,118,122,45.057632494909555,9.367509841918945,0.09294531976040576,0.008892758572005298
355,118,118,121,87.75973631964543,16.393102645874023,0.08828490708922837,0.01706313185304809
356,118,118,123,95.77735123715011,15.818700790405273,0.08837019410527114,0.01732041811970805
357,119,119,120,100.29986324965482,15.627833366394043,0.08838447700759151,0.017328734150046512
358,119,123,53,113.15373869128933,12.721572875976562,0.06118863614609458,0.014880270590120107
359,119,125,125,15.661014843410245,3.694141149520874,0.02251964046473611,0.0005337980091758253
360,120,120,989,87.86665179427615,14.319925308227539,0.06098940027079566,0.009657555080422594
361,120,120,122,89.40618764209206,16.368526458740234,0.08829501384916245,0.017277905409479214
362,120,119,125,231.88259691135485,55.11798858642578,0.1,0.0392156862745098
363,121,121,118,120.47914185038563,12.220799446105957,0.06152956898883966,0.01521350278471275
364,121,121,124,91.32425023415412,16.35635757446289,0.08833152508824244,0.017406183930939956
365,121,121,679,174.55621404406963,24.2893123626709,0.1,0.0392156862745098
366,122,122,124,68.00583227625026,8.177675247192383,0.059783118384575,0.008692380567962473
367,122,122,124,104.99502584719733,12.82778263092041,0.06027559104323318,0.010931215588137429
368,122,122,124,56.452706109558044,6.05217981338501,0.05685329468265935,0.005629929277860161
369,123,123,70,120.38684083623798,12.650571823120117,0.06167336079375587,0.015534285271345163
370,123,123,973,170.07928842823785,23.68669891357422,0.1,0.0392156862745098
371,123,123,124,161.42627934743797,22.17718505859375,0.1,0.0392156862745098
372,124,124,122,116.79565037856287,12.523845672607422,0.06151144460383614,0.015172311217334283
373,124,124,932,119.12266927302271,12.212910652160645,0.06157856795998191,0.015162443082973556
374,124,124,119,117.47589717632276,12.532922744750977,0.061264553490929366,0.014959812829365076
375,125,125,116,102.05490236237775,15.010705947875977,0.08844690501759599,0.017368238578831297
376,125,125,77,116.87131287415949,12.333451271057129,0.06146764981210805,0.01501852212991485
377,125,125,973,169.4741120977723,23.361928939819336,0.1,0.0392156862745098
378,126,126,69,93.7142747613611,15.238104820251465,0.09300122274069011,0.0212095213846335
379,126,126,314,125.85209578373234,17.431537628173828,0.1,0.0392156862745098
380,126,126,70,96.15070371155419,15.842941284179688,0.08837125777195173,0.017304933178766104
381,127,127,128,161.3870460861231,22.583454132080078,0.1,0.0392156862745098
382,127,127,141,189.87365401391526,29.515275955200195,0.1,0.0392156862745098
383,127,127,128,87.6941834238855,16.296960830688477,0.086211951662782,0.014945672967301881
384,128,128,127,91.54855949578858,16.136198043823242,0.08989018141939047,0.0189697359579115
385,128,128,127,251.79138172515655,29.331701278686523,0.1,0.0784313725490196
386,128,128,135,162.30254597660553,22.515493392944336,0.1,0.0392156862745098
387,129,129,132,95.72044982933784,16.127805709838867,0.08840569826879527,0.017573149492371192
388,129,129,99,120.64579263215718,12.499382019042969,0.0628706867244085,0.016000792245589403
389,129,129,144,91.78471074064021,16.1747989654541,0.08834410107694178,0.01733052032707267
390,130,130,486,104.22561425965895,15.9860258102417,0.08843707516698802,0.01785577433774464
391,130,130,130,40.61438738752535,16.490549087524414,0.1,0.0392156862745098
392,130,130,130,42.05837407469034,16.424915313720703,0.1,0.0392156862745098
393,131,131,128,114.3780510799947,12.888239860534668,0.06266585366434903,0.015023368066491849
394,131,131,135,8.349905448400962,13.195107460021973,0.08025678383397217,0.0005883421416217581
395,131,23,23,17.108459628715657,2.1664998531341553,0.01311334224479835,0.0001033401426362053
396,132,132,460,118.89957316895389,12.594572067260742,0.061483637318967804,0.015220149743059987
397,132,132,99,118.8375239361294,14.13888931274414,0.0882072353839811,0.017235781653753203
398,132,132,134,198.6766390359046,33.70716857910156,0.1,0.0392156862745098
399,133,133,81,89.53539934170226,16.216733932495117,0.08831310168325965,0.01715863593205621
400,133,133,50,94.47853028090816,16.08018684387207,0.08838525874160696,0.017422734225540228
401,133,133,133,30.795406765969705,16.304065704345703,0.1,0.0392156862745098
402,134,134,99,108.2366506511572,12.301080703735352,0.057739634570549175,0.012650125703421986
403,134,134,131,178.62905457030274,25.516557693481445,0.1,0.0392156862745098
404,134,134,99,108.41436163234255,11.47230339050293,0.05507831250610775,0.011008767346924731
405,135,135,84,262.71929279922534,30.92196273803711,0.1,0.0784313725490196
406,135,135,141,252.00032558647118,30.333541870117188,0.1,0.0784313725490196
407,135,135,135,69.49643263700314,12.791899681091309,0.1,0.0392156862745098
408,136,136,357,178.29862853103748,21.888471603393555,0.1,0.0392156862745098
409,136,136,86,89.0648349868271,16.31690216064453,0.08829666250841152,0.017154434062784628
410,136,136,84,174.4094552082121,22.647565841674805,0.1,0.0392156862745098
411,137,137,99,91.37901831121457,15.988707542419434,0.08835402398393742,0.017200737458807694
412,137,137,851,161.88289928455018,22.739179611206055,0.1,0.0392156862745098
413,137,137,136,177.18993537133466,25.5394287109375,0.1,0.0392156862745098
414,138,138,83,87.7374001424624,16.375593185424805,0.08830493916667406,0.01708121216997728
415,138,138,138,6.785953210239747,16.452966690063477,0.1,0.0392156862745098
416,138,138,9,119.05893788603063,12.824700355529785,0.06392045263473904,0.016853586017797312
417,139,139,128,164.43101372954087,22.9366455078125,0.1,0.0392156862745098
418,139,139,140,115.07407744381534,13.110520362854004,0.0698502481596592,0.016827826811330115
419,139,139,141,119.71313610478764,12.176312446594238,0.06157596099393309,0.015212010941610996
420,140,140,142,116.38845510124625,12.521468162536621,0.061412804945009974,0.014958304401725908
421,140,140,142,113.74395326206924,12.664765357971191,0.061367434348234995,0.014982749334050315
422,140,140,141,92.01423443495729,16.186159133911133,0.08826843905666801,0.017169658333937483
423,141,141,141,11.340436232020862,17.341920852661133,0.1,0.0392156862745098
424,141,141,142,114.38626709096332,12.861614227294922,0.062487012279865445,0.015786669918974323
425,141,141,143,115.05468332893736,12.682417869567871,0.06399469645047991,0.016849171122203552
426,142,142,310,162.68590824901625,22.622329711914062,0.1,0.0392156862745098
427,142,142,97,88.0255711262299,16.46879768371582,0.08824907819862893,0.017097053768289655
428,142,142,141,114.12695117204584,12.454679489135742,0.05999958536560631,0.014135761570241604
429,143,143,141,165.88955337290298,24.02702522277832,0.1,0.0392156862745098
430,143,139,139,130.28062435874946,11.726223945617676,0.06315712930757522,0.016226347079992615
431,143,143,93,126.962930134423,11.833636283874512,0.06194228706829378,0.01559318166376714
432,144,144,98,167.81517913351834,24.329540252685547,0.1,0.0392156862745098
433,144,144,130,122.90052052115986,12.007964134216309,0.058944390907029076,0.01362296804764727
434,144,460,628,113.50544142617439,12.674062728881836,0.061281649352438385,0.014895994381035518
435,145,145,96,118.72059433742785,12.526102066040039,0.06133945245309947,0.015027787514159126
436,145,145,145,27.84034861817943,15.850438117980957,0.1,0.0392156862745098
437,145,145,525,156.0980949014536,21.982627868652344,0.1,0.0392156862745098
438,146,146,100,111.1702809163269,12.341292381286621,0.05854197824430745,0.013172011637236206
439,146,146,23,114.45191071698164,11.192221641540527,0.05343853433863607,0.010756746496108235
440,146,146,128,168.19272054331245,23.933734893798828,0.1,0.0392156862745098
441,147,147,628,19.42465710305184,4.881507873535156,0.10534912178977618,0.010520311620852867
442,147,147,34,167.7740912978004,23.165781021118164,0.1,0.0392156862745098
443,147,147,34,95.04497916357948,15.905380249023438,0.08843861356237805,0.01739542526619299
444,148,148,147,9.685564024426723,5.449822425842285,0.0768322634530395,0.003370463553817124
445,148,148,147,112.80664685831324,12.708002090454102,0.06126603977618429,0.014852854452096807
446,148,148,2,88.42797280332636,16.249731063842773,0.08827426860501349,0.017078271992973466
447,149,149,150,47.31736441489594,9.089127540588379,0.09775258428312289,0.016192428822865656
448,149,149,109,251.81293310887764,29.694263458251953,0.1,0.0784313725490196
449,149,149,6,113.37515193240347,12.748794555664062,0.061162184631658165,0.014906383333143543
450,150,150,223,110.56323448375504,11.972317695617676,0.05434409645891306,0.011240776959793055
451,150,983,983,126.91477903426038,12.018532752990723,0.061447406269854406,0.015087575993545078
452,150,150,913,91.30509234819107,16.284534454345703,0.08834504140309948,0.01732377705785395
453,151,151,253,112.90929878000921,12.39361572265625,0.059325832071337764,0.013721260605097478
454,151,195,195,125.08934023423637,11.800018310546875,0.06048798121376195,0.014558417762005407
455,151,162,162,109.16846370992302,11.771915435791016,0.05269344907856079,0.010716743903188615
456,152,200,228,11.20160315413531,2.7006638050079346,0.1134189356992958,0.01822227078623079
457,152,152,256,8.248612548450996,4.252688884735107,0.10576079675013712,0.0038719080661590278
458,152,156,156,15.845441111452509,5.0816144943237305,0.0832796960902668,0.003917902311181209
459,153,153,916,107.58364304130583,14.524331092834473,0.08977490570557503,0.01719128114334284
460,153,153,204,117.91040997076007,12.394155502319336,0.06138453975305669,0.0149708964558548
461,153,153,187,96.0858013876702,15.115683555603027,0.08974490076120073,0.01718052560326343
462,154,850,850,18.754399271808854,4.048960208892822,0.024629602821924414,0.0007025580240635279
463,154,154,187,122.61946393283324,12.05724048614502,0.061681818399932614,0.015267043812622342
464,154,154,283,256.48416894557863,30.30762481689453,0.1,0.0784313725490196
465,155,155,204,113.98623520144683,12.742928504943848,0.061246705333946834,0.01494527975961614
466,155,155,204,116.75118619999225,12.406166076660156,0.0614463313624031,0.014940355293434456
467,155,155,155,94.68776311209407,13.162386894226074,0.1,0.0392156862745098
468,156,156,215,92.98654767785051,16.097824096679688,0.08839850197696472,0.01738009043707781
469,156,156,155,116.53864921554747,12.422494888305664,0.05558822198360993,0.01308516836239677
470,156,156,215,117.70400543588381,12.715594291687012,0.05683357810860825,0.013879959562286145
471,157,157,151,58.853542551807124,8.037198066711426,0.05763465599377632,0.007731307955176413
472,157,157,377,162.3277587866064,22.570409774780273,0.1,0.0392156862745098
473,157,157,152,125.01433742748763,11.90600299835205,0.06708928706619231,0.015978485802161553
474,158,158,263,170.21931635578102,23.815492630004883,0.1,0.0392156862745098
475,158,158,253,107.42824628450492,11.561259269714355,0.055197795703222204,0.01108952630744578
476,158,245,245,116.72307611470032,12.773529052734375,0.061427439657700304,0.015339383592381257
477,159,159,184,55.84165458264246,11.730576515197754,0.09335501641480867,0.014553002660755392
478,159,184,184,121.34569020498586,12.131908416748047,0.061569936215828125,0.015255796789896602
479,159,211,211,128.95241033704755,12.082165718078613,0.062430636139066645,0.015957266635550638
480,160,160,224,116.33867698293862,12.849262237548828,0.0632183164671479,0.01627210292842304
481,160,160,169,26.76508842964836,5.796683311462402,0.06957975961781111,0.005110083610071701
482,160,160,256,117.84788942635554,12.232937812805176,0.06073399950895154,0.014609725464211794
483,161,161,158,117.76707295532945,12.731531143188477,0.06154916100701067,0.015407781895746927
484,161,162,264,50.240144662076055,6.706191062927246,0.061458722904761114,0.006938123903578987
485,161,161,218,122.66725959439223,12.219528198242188,0.061514517979184655,0.015107734044940549
486,162,162,266,118.21880786569304,12.443333625793457,0.06138830455325255,0.015086685255269652
487,162,162,167,186.9737759177411,25.502779006958008,0.1,0.0392156862745098
488,162,162,166,23.013230553624364,5.470841407775879,0.03372061708724888,0.0008055579576777966
489,163,207,193,22.797917142309025,5.882750988006592,0.0700658223496253,0.005314295427142122
490,163,163,168,95.31937401003879,15.132684707641602,0.0927959650146928,0.022334221045608282
491,163,163,211,11.015599244052058,5.428439140319824,0.06914696673410062,0.002923536451224163
492,164,162,162,12.46855241948144,3.6057634353637695,0.021842991571516705,0.0004869899236167631
493,164,164,165,96.2608118859482,15.629735946655273,0.08804136657329321,0.016920242462972628
494,164,164,191,78.90946196445041,9.048361778259277,0.0716194395081895,0.002162632015786193
495,165,165,163,113.02403803338979,11.478947639465332,0.05217723780908765,0.010579839866109796
496,165,165,236,43.32655134073717,6.987742900848389,0.04618883261718407,0.004087840036110468
497,165,236,236,117.18805131334547,12.13917350769043,0.044760267149054456,0.010099123595790519
498,166,493,857,11.864284680233983,2.4157168865203857,0.11332313816030938,0.021866728777206353
499,166,166,162,28.472054761564006,6.083231449127197,0.05053121201471843,0.0038400192328239668
500,166,166,167,58.99615202088985,11.484716415405273,0.0918344005613546,0.012400865967014034
501,167,167,160,16.53593561922329,5.377937316894531,0.10362815303332824,0.009073481318663345
502,167,166,166,31.718846493991276,3.814250946044922,0.02357846026087713,0.0006130397810135968
503,167,167,162,22.408688990645643,5.812434196472168,0.10067477859631674,0.006335263412290784
504,168,168,580,134.93571216849438,11.559833526611328,0.06192699851601408,0.015513413047756497
505,168,225,225,118.85115715226384,12.88249683380127,0.06338057019164822,0.0165571472347283
506,168,245,245,116.73076938000169,12.592902183532715,0.06137426285814743,0.015073283975288447
507,169,169,160,108.56718524644789,11.691572189331055,0.05739967022422397,0.011740153297967425
508,169,176,176,10.658109491657536,3.5764479637145996,0.021644566925792783,0.00047328155860501195
509,169,169,222,46.89993839760375,9.068327903747559,0.09847190917762486,0.017524691812884376
510,170,177,177,42.78789015766754,6.4592695236206055,0.041580528806350985,0.003304578569305286
511,170,170,202,93.26542879414832,16.181764602661133,0.08840410336446611,0.017419530135587218
512,170,170,206,92.45253834942261,15.32656192779541,0.09301350721463003,0.02123896645818155
513,171,171,151,117.0134586231457,12.516483306884766,0.06132094391337558,0.014975017027646684
514,171,171,167,118.04856272879138,12.301685333251953,0.06143720887482461,0.015100282312607568
515,171,171,268,113.26556139208532,12.737016677856445,0.06121739353660905,0.014946514728181377
516,172,172,171,94.16777164389057,15.968640327453613,0.08835834538554767,0.017174042146969562
517,172,172,184,119.52010080704198,12.721872329711914,0.06400583067748955,0.016776871892813336
518,172,172,171,115.05103494521984,12.685928344726562,0.06126065744923163,0.015019167476786471
519,173,173,215,262.4429886856007,31.46152687072754,0.1,0.0784313725490196
520,173,173,515,264.0391401012492,30.768634796142578,0.1,0.0784313725490196
521,173,173,171,95.02471640908418,15.924933433532715,0.08838695581112123,0.01730830807905227
522,174,174,225,117.15765623914643,12.461722373962402,0.06146174465741094,0.015113967834749543
523,174,174,254,19.5111289061361,7.929901599884033,0.09670863810416155,0.007258592459384378
524,174,174,248,168.52901943716503,18.905487060546875,0.09576489397884023,0.05806469634147601
525,175,191,191,117.71350760690994,12.05155086517334,0.04936632968479056,0.010837244619931425
526,175,175,226,41.56705182861666,7.139424800872803,0.10233182125647064,0.02087357472765282
527,175,175,226,9.692898601758477,3.614238977432251,0.10892694044082099,0.006069913094084799
528,176,176,171,113.83842119512181,12.599308013916016,0.06119061630342191,0.014840202110515451
529,176,176,181,91.29809299364605,16.20993995666504,0.08791644514443714,0.017062266861294053
530,176,159,159,28.00683912275051,4.693304538726807,0.05530195274908855,0.00161060648811208
531,177,177,170,105.95071786952903,11.691080093383789,0.04652875073552618,0.009186883015012949
532,177,181,181,112.98953290237134,12.73253345489502,0.06116997696869579,0.014867751248207186
533,177,177,233,118.10268355554773,12.105305671691895,0.04969715551133257,0.011133434298318447
534,178,178,354,119.80969784456255,12.384607315063477,0.06142975171281406,0.015144804547728201
535,178,178,209,114.98074822882087,12.679279327392578,0.06133484648381202,0.015093657784668285
536,178,178,209,96.42772814325149,15.795981407165527,0.08803944250569548,0.01723803430391324
537,179,237,237,115.81315788342674,12.542939186096191,0.0612682958743127,0.01496449219195023
538,179,179,180,113.85142311476223,12.359574317932129,0.05932372428440394,0.013677049271593147
539,179,179,180,177.55607453532545,24.383464813232422,0.1,0.0392156862745098
540,180,223,199,115.91393489207046,12.460588455200195,0.06143269557870524,0.015041520610233911
541,180,179,179,61.256147428754666,8.37232780456543,0.058920963536633814,0.008296745084467875
542,180,179,179,8.559383834829292,3.2295994758605957,0.01954359308847235,0.00034666581681899386
543,181,181,170,96.74919544677695,11.014954566955566,0.03606147302605525,0.006422746768751146
544,181,181,61,201.6010665796891,24.9332332611084,0.1,0.0392156862745098
545,181,181,242,117.13878649242116,12.77133560180664,0.06258719329675234,0.015834856197317972
546,182,182,192,56.38819732383454,11.725078582763672,0.09274288687272486,0.013650989517277182
547,182,182,850,122.69764122696544,12.208395957946777,0.06156639808517184,0.015153762160188208
548,182,182,535,166.07421251734192,21.777854919433594,0.1,0.0392156862745098
549,183,183,197,91.32574469078044,15.678886413574219,0.09108617023116428,0.018807081114846122
550,183,183,189,313.9744702987746,75.95714569091797,0.1,0.0392156862745098
551,183,183,184,71.0934357928846,10.918204307556152,0.09338302961043694,0.01476759149967891
552,184,184,191,114.48058087266963,12.671276092529297,0.06142435716094764,0.01503907393292301
553,184,184,191,114.76151397923562,12.758978843688965,0.061225902725888015,0.014984982794414264
554,184,184,191,120.00585845441253,12.056185722351074,0.061528511279156754,0.015200287911365393
555,185,203,203,8.128063735680175,3.140390634536743,0.019020152146107364,0.00031843549661018933
556,185,185,186,23.67348415684823,7.559727191925049,0.09680748713297366,0.007417668751068092
557,185,185,186,121.92776826761464,12.538712501525879,0.06165886836784184,0.015430059414039108
558,186,186,185,115.87091070147535,12.625541687011719,0.06144908932270826,0.015119793757611025
559,186,201,201,10.146768037844893,3.4838783740997314,0.021088383927817287,0.0004367407404539947
560,186,186,185,93.41230310414964,16.05655288696289,0.0883347564798408,0.017299276574402743
561,187,201,201,119.1052856844137,11.321105003356934,0.04927094083428046,0.010038441030696378
562,187,187,203,91.93014007641438,16.080598831176758,0.08835435913747897,0.01726958075574522
563,187,187,193,123.86956657001852,11.335927963256836,0.04964134970864833,0.010177203980648638
564,188,198,198,14.468542186906285,5.459705352783203,0.07937355442593765,0.004361938601416735
565,188,188,265,61.867979948785454,9.073140144348145,0.10044020324197929,0.026206659375593543
566,188,188,189,108.47274056332911,9.176864624023438,0.024888257000039816,0.0044221685324965995
567,189,189,188,33.737479458943035,5.816756248474121,0.062153269731978975,0.0050798094999293004
568,189,203,203,30.92710049352754,6.402159214019775,0.06682867170144396,0.006452469528219752
569,189,189,191,124.8200220875935,12.052894592285156,0.06178981985267583,0.01554145503730904
570,190,190,189,17.272464472887524,3.942809581756592,0.10634501858585688,0.0062592506878314
571,190,190,228,50.820450469049675,6.751688003540039,0.0629447660134198,0.007457592778777264
572,190,190,203,169.92441162593406,23.682981491088867,0.1,0.0392156862745098
573,191,191,184,113.61275511069371,12.726097106933594,0.06122312232670824,0.014955209510939746
574,191,191,193,99.82899500371572,15.353536605834961,0.08846304364639931,0.017345685635374145
575,191,191,189,115.2278320386564,12.568854331970215,0.061228713482055094,0.014893815198074381
576,192,192,186,119.05091725252409,12.337274551391602,0.06152667290239489,0.01518540161071914
577,192,192,552,115.06863868549411,12.769414901733398,0.06132278182453307,0.015119723479050395
578,192,192,199,118.61398071291798,12.167925834655762,0.0615034855773988,0.015102385867483435
579,193,193,187,25.93619536790934,4.092894077301025,0.02527093771750243,0.000759236569434614
580,193,193,186,88.67583011973424,16.408456802368164,0.08827332641348784,0.017138366221133162
581,193,198,202,112.62931169324474,11.580729484558105,0.05273528584901361,0.010735396094698035
582,194,194,153,56.177045532636974,11.729127883911133,0.09405272992878447,0.015573431394343038
583,194,194,604,21.304183414711265,3.4719791412353516,0.10629315308106228,0.03154938491379645
584,194,194,265,118.43665052350597,12.723963737487793,0.055852536391250845,0.013890924826446816
585,195,195,245,112.83869128072199,12.65906047821045,0.06499465342163929,0.01614121961401947
586,195,195,227,116.97068112115221,12.037324905395508,0.059770551377137736,0.013776635911366894
587,195,195,750,114.27991665670756,11.517136573791504,0.05610336577572377,0.011633030316026704
588,196,217,217,117.46744460219435,12.281895637512207,0.05383667348796339,0.012640934813736376
589,196,366,366,20.27149336587038,4.094110012054443,0.02487630319398575,0.0007260371212169554
590,196,197,197,58.54672961966261,4.163712024688721,0.027056388670826374,0.0009371365954123217
591,197,183,183,17.526289543573387,3.7919886112213135,0.023039988137042874,0.0005731031123490937
592,197,197,295,108.38229861934852,11.94519329071045,0.056823526621969496,0.012109853926382592
593,197,198,198,17.181517891162137,4.034311294555664,0.02451084346832173,0.0006930058607155717
594,198,198,197,122.08664270511838,12.110823631286621,0.06147970512618491,0.01509879332199128
595,198,198,197,18.87169913269174,4.705021381378174,0.06648869907113349,0.000434445819171592
596,198,198,233,10.044546008962168,5.122821807861328,0.0786212747844408,0.0021651593564591554
597,199,199,226,92.97756454625831,15.954497337341309,0.08838762783298205,0.017335230331294034
598,199,199,252,117.9199529167567,12.575369834899902,0.060890336889701746,0.014937867114965721
599,199,199,197,51.21501306020376,8.72264289855957,0.09862682289502511,0.017780070889960014
600,200,200,175,121.04868022071514,11.976767539978027,0.05347277784314514,0.012095823978555104
601,200,200,154,111.40728896519194,14.865211486816406,0.08936561414550709,0.018560782456995738
602,200,200,152,32.61788735142978,6.428678035736084,0.09867110760348483,0.007548689031561835
603,201,193,193,111.36314673280971,12.511771202087402,0.06359617284099882,0.015367225579590936
604,201,201,182,116.8886740331944,12.730798721313477,0.06275188424759949,0.015950464673268848
605,201,201,192,116.28706444435358,12.424615859985352,0.061324260328141596,0.01500719035990353
606,202,202,184,95.99347502511964,15.672953605651855,0.08846982487270208,0.017440887298198836
607,202,202,194,21.356446753654367,4.157602787017822,0.025447858468034063,0.0007767948147319355
608,202,202,170,115.46458494287184,12.502717971801758,0.061406655088793206,0.015016741788993128
609,203,153,153,103.00940421279518,11.57332706451416,0.04198580092949761,0.008105839916935156
610,203,203,258,112.34724946203221,14.170570373535156,0.08816732829642109,0.017030163566620675
611,203,203,192,112.97118104487092,12.748296737670898,0.061145349508486616,0.014856970688219378
612,204,219,219,119.01065357113904,11.709821701049805,0.05741136045271773,0.012434084315362259
613,204,204,155,113.5501378237514,12.688719749450684,0.06137554775339305,0.015009997829318639
614,204,204,155,89.75885107581921,16.318729400634766,0.08827625858528412,0.01722422229639286
615,205,205,246,120.13646367332626,11.89796257019043,0.06198215611018973,0.015704588707494322
616,205,205,267,92.76285426346143,15.970736503601074,0.08836062156616059,0.017292894582868642
617,205,197,233,113.64002535106997,12.172663688659668,0.058816159460430145,0.013391220365679381
618,206,206,357,170.7470487822624,23.3195743560791,0.1,0.0392156862745098
619,206,206,183,141.89603620594082,9.619670867919922,0.062069423282917924,0.015457898589225402
620,206,206,824,116.86643316985565,11.605422973632812,0.055143523644565005,0.012075339076057272
621,207,257,257,136.36005193697807,10.505788803100586,0.05490448705372464,0.01148107692937076
622,207,207,208,8.47704807282937,7.583067893981934,0.04598439118320758,0.0005664593220246553
623,207,207,208,181.37314958255928,21.147438049316406,0.1,0.0392156862745098
624,208,208,256,117.94168674953829,12.492339134216309,0.061541450819211405,0.015262395361047301
625,208,208,151,131.66072969200098,11.480452537536621,0.06178794501668382,0.015361329194606522
626,208,208,185,93.17701457900127,16.32709312438965,0.08858574306329903,0.018751834229866947
627,209,209,208,113.51908254017088,12.572502136230469,0.061141057667338565,0.014793492017901415
628,209,209,184,85.81168673615802,16.368755340576172,0.0862145905892595,0.014968046635803131
629,209,209,365,245.36851140885113,47.51402282714844,0.1,0.0392156862745098
630,210,210,850,199.0758663014079,32.592002868652344,0.1,0.0392156862745098
631,210,210,790,64.76162800934668,10.814794540405273,0.09663882833796644,0.019495646914313006
632,210,210,210,88.02281204075987,11.070728302001953,0.1,0.0392156862745098
633,211,211,213,23.075340652587613,6.8229660987854,0.09958161233717246,0.008952406417239654
634,211,211,184,117.22843813365934,12.580293655395508,0.061490528252527085,0.015198210020864689
635,211,211,191,89.51833239571168,16.160741806030273,0.08832504986069517,0.01710573601306925
636,212,205,205,16.497335223601727,4.929230690002441,0.062375835290623634,0.001245699584415616
637,212,212,260,115.77308202319314,12.698662757873535,0.06131517512326833,0.0150834819730036
638,212,212,251,112.96103604743199,12.129303932189941,0.0585300315564677,0.013161090214924315
639,213,213,219,198.23375702657185,29.374324798583984,0.1,0.0392156862745098
640,213,213,160,177.81096794624113,24.352420806884766,0.1,0.0392156862745098
641,213,213,220,117.7633248178022,12.815446853637695,0.05933669279311888,0.014790185416798263
642,214,214,236,126.41916808687672,16.986635208129883,0.1,0.0392156862745098
643,214,214,234,90.69939608096928,15.96339225769043,0.08839034186635629,0.017276123314109246
644,214,214,212,115.10350349009502,12.253824234008789,0.04976571787491864,0.011214367616955996
645,215,215,218,113.97078551326662,12.354753494262695,0.060036080530189086,0.01413595629143332
646,215,215,215,35.98068961650925,15.683405876159668,0.1,0.0392156862745098
647,215,215,210,121.2464329346269,12.382941246032715,0.06153084966807457,0.015212530698725434
648,216,216,219,107.06134938644927,15.462736129760742,0.08858411651421336,0.017869671709808355
649,216,216,215,115.27651507430174,14.045554161071777,0.08863604051926063,0.017768156893173327
650,216,216,947,111.13233309355316,12.405235290527344,0.059101095983686604,0.013525137672859872
651,217,217,195,95.91357778148479,15.743515014648438,0.0904431831280487,0.01962817602596622
652,217,217,162,118.90022812838629,11.955404281616211,0.0613546304941522,0.014992930001085113
653,217,215,215,114.00808043948666,12.730335235595703,0.061256510813493675,0.014988907302114968
654,218,218,215,120.30073142198019,12.208742141723633,0.06152984771604886,0.015144991702250078
655,218,218,215,53.50577945876535,5.522683143615723,0.05108227252432615,0.004016811682859837
656,218,218,219,119.33859199111753,12.326833724975586,0.061454910852027284,0.015090966775697798
657,219,219,161,115.29644609103605,12.622623443603516,0.061294414266683965,0.015002376204391824
658,219,219,185,115.24415712829187,12.529006958007812,0.06141724702697188,0.015014637305717084
659,219,198,198,119.88840139903918,12.344099044799805,0.0615492879101512,0.015184984619139107
660,220,205,205,119.56774960260103,12.560919761657715,0.061546070309444076,0.015373932453124763
661,220,220,8,163.53445247708288,22.57082748413086,0.1,0.0392156862745098
662,220,205,205,29.003099647802166,4.018073081970215,0.024858233050388957,0.00072331467703576
663,221,221,256,118.05168329348984,12.273475646972656,0.05194176032517489,0.011658822530538692
664,221,221,199,305.81515036799925,54.37554168701172,0.1,0.0392156862745098
665,221,221,267,245.10921977588424,78.82597351074219,0.1,0.0392156862745098
666,222,222,203,101.97864358765098,13.688607215881348,0.09435996394372052,0.023188159914656035
667,222,222,257,100.79158457934798,14.127338409423828,0.09406029709084093,0.022480399677762723
668,222,222,257,159.27249597707367,21.817583084106445,0.1,0.0392156862745098
669,223,223,227,147.62348214332195,19.23670196533203,0.1,0.0392156862745098
670,223,223,758,121.44449091943424,12.252345085144043,0.061454477778035,0.015043696793923728
671,223,223,227,169.13743238986942,23.105056762695312,0.1,0.0392156862745098
672,224,224,265,91.15333402827031,16.395931243896484,0.08830381898882612,0.017397615022216806
673,224,865,865,133.04052209881564,11.26752758026123,0.05905537793115556,0.01346550795840814
674,224,224,199,116.50683840198603,11.87507152557373,0.05298231708597296,0.011012242913723554
675,225,225,227,93.52300012170436,15.662941932678223,0.09000206236843011,0.01906054659926041
676,225,225,235,35.143188466834786,5.805962085723877,0.06112315806103935,0.00477019255088966
677,225,225,182,89.4671052115774,16.46222496032715,0.08833073923648917,0.017317245491875674
678,226,226,182,92.40113714557809,15.890095710754395,0.08878498407020657,0.017678667758477453
679,226,182,182,10.766216159141013,3.0523765087127686,0.01854980283750084,0.0002953245482791543
680,226,199,199,24.48190379898869,4.747474193572998,0.02887487371686839,0.0011521252810060625
681,227,227,171,114.85482902040835,12.612715721130371,0.06122789830920174,0.014884296615076082
682,227,227,234,120.25291466271354,12.382951736450195,0.061484018673611224,0.015187121413231888
683,227,227,236,114.4909572661675,12.389918327331543,0.059558886368671224,0.01397675716323149
684,228,228,160,114.47610957894103,12.033016204833984,0.05677534224448723,0.012658473293877422
685,228,228,229,87.88067597245859,9.68923282623291,0.09974075575369448,0.03108789093548986
686,228,228,229,170.33735621605308,18.925935745239258,0.09538927317386857,0.05763375499726465
687,229,229,361,120.93142404175241,12.181228637695312,0.06164699064094442,0.015317942646601423
688,229,229,228,146.8927031892338,10.625991821289062,0.04550304843239665,0.009266357646584282
689,229,229,194,40.966769133173635,6.75645637512207,0.06077068610280348,0.005489194241401632
690,230,230,231,118.17288104839187,12.344330787658691,0.061479637228978305,0.01513902283979339
691,230,231,231,120.14916477919584,12.297340393066406,0.0614521525492529,0.015082468072781529
692,230,231,231,114.99610148435997,12.742097854614258,0.061356404923089816,0.01509201622085989
693,231,231,230,117.21790911780772,12.53615951538086,0.06152247591800591,0.015205062115599272
694,231,232,232,20.23914340697472,3.293565511703491,0.020128609291621795,0.0003781567645134813
695,231,232,232,114.87802358708016,12.648701667785645,0.06115264148072186,0.014923330720802038
696,232,232,169,90.92020370500344,16.091596603393555,0.0883088292589947,0.017193844124593727
697,232,232,157,53.3750979542312,8.063885688781738,0.05494521933216426,0.006749916031931032
698,232,232,231,46.55126786627271,4.780357360839844,0.03085079896402214,0.0014065347031214578
699,233,233,197,123.02120807500725,11.865609169006348,0.0615303324784199,0.01507895315296812
700,233,233,199,124.88062489994856,11.75817584991455,0.06189686063383316,0.015577893372354473
701,233,197,266,113.27831216688982,12.729084968566895,0.06122455105464037,0.014913478529622277
702,234,236,236,122.48300714615903,12.202014923095703,0.06174597561308385,0.015547281299471246
703,234,234,236,181.05051268358264,26.263917922973633,0.1,0.0392156862745098
704,234,237,237,116.33236806783059,12.627492904663086,0.06147111312778507,0.015182949750921607
705,235,235,787,88.44906856763248,16.45144271850586,0.08833434728982555,0.017245506335461333
706,235,235,225,114.56158263066648,12.153191566467285,0.05571888424726161,0.012468501800091673
707,235,235,265,222.62357245933205,42.73138427734375,0.1,0.0392156862745098
708,236,236,158,59.707259529468665,9.578303337097168,0.06831445903466829,0.010332858309710171
709,236,237,237,22.309924231048935,4.207334518432617,0.025667234001298153,0.000797481880141112
710,236,234,234,56.55218026181461,8.305463790893555,0.05765216109572304,0.007795085231687406
711,237,237,168,114.57467089434856,12.72008228302002,0.061314939415229884,0.015028895983812924
712,237,882,880,116.34415544025485,12.559504508972168,0.06138562736286243,0.015078402569178893
713,237,237,151,115.0814144552077,12.65257740020752,0.06147767791828344,0.015124045142752288
714,238,241,241,114.23131955419721,12.705323219299316,0.06135915421652469,0.01506360801965308
715,238,238,241,118.5074714763014,12.412535667419434,0.061320672210503836,0.01496538576456205
716,238,238,264,127.713477293606,11.72916030883789,0.06182174679282903,0.015354765083480527
717,239,239,240,109.66344328679206,13.24116325378418,0.06670072567297258,0.015125490984657528
718,239,217,415,117.47222810871824,12.551830291748047,0.06149668669716343,0.015234221198775093
719,239,240,240,120.26083028339644,12.407671928405762,0.06156822039662942,0.015271580263557311
720,240,240,234,12.130932987989011,3.729975461959839,0.02258828509447642,0.0005395733652472402
721,240,240,241,16.742632177937008,6.468599796295166,0.09944554205068838,0.006320585173540038
722,240,240,199,55.590659052220666,7.331666469573975,0.04768848526557292,0.005018198535610141
723,241,241,195,2.9543941056828955,3.8489415645599365,0.10651009332911938,0.00013643542128198116
724,241,241,240,93.31788814769561,16.153444290161133,0.08842852583086516,0.017373954142357588
725,241,241,238,63.03585804934437,8.79650592803955,0.06167931359227568,0.009514211856528848
726,242,242,61,116.45840781938689,12.717398643493652,0.061419292630885795,0.0152601718691136
727,242,242,247,68.78851041979134,8.922797203063965,0.06464066486710515,0.010770568365294296
728,242,199,199,115.91773901628329,12.096281051635742,0.05893443856467477,0.013495126982775562
729,243,242,242,14.573559716481288,3.5373079776763916,0.02151395002408861,0.00046425750070820324
730,243,243,163,118.81911304722551,12.597916603088379,0.06212673094637536,0.015650175445077037
731,243,243,826,91.47466939767484,16.073209762573242,0.08833567724090687,0.01719297721056093
732,244,244,227,114.64690430387198,12.724156379699707,0.06122122265131111,0.014940040405198744
733,244,244,367,109.51980942942389,14.460980415344238,0.08856249027436691,0.017533555484392734
734,244,244,256,113.99510798149407,11.699213981628418,0.054571841948376706,0.011356885055688253
735,245,151,341,113.60978389657956,11.157835006713867,0.05544777587670471,0.011214563786019933
736,245,245,243,97.6062665224553,15.503876686096191,0.08836485007672298,0.017234772623978174
737,245,245,549,125.80095323928425,11.003897666931152,0.05316282289511579,0.011017886981505513
738,246,246,251,146.21953498192474,19.36431312561035,0.1,0.0392156862745098
739,246,246,180,118.33439922459962,12.367621421813965,0.05965235362817015,0.014103670546698026
740,246,246,243,8.47496015486129,4.1584649085998535,0.10663023416741718,0.005504430488490986
741,247,247,778,115.56230688616216,12.6785249710083,0.06133301091511372,0.015088572685370356
742,247,247,231,175.8066440977342,24.05105972290039,0.1,0.0392156862745098
743,247,247,852,112.99990974999196,12.694799423217773,0.0612434564126055,0.014882177946512497
744,248,249,249,110.5217949794544,12.433513641357422,0.05903421319177785,0.013473869372128123
745,248,250,249,54.14227034123806,7.564895153045654,0.04958388697587138,0.005584162973158176
746,248,250,250,119.93041460244797,12.596641540527344,0.06283680024782269,0.016130909868457922
747,249,249,231,182.2692716207428,23.19820785522461,0.1,0.0392156862745098
748,249,249,248,98.79512275345411,15.584735870361328,0.08840890795231478,0.017411339477701442
749,249,249,248,98.27154424697984,15.792304039001465,0.08833516054084242,0.01721650739227891
750,250,249,249,25.328296971362622,5.433172702789307,0.03339993364297609,0.0017313692898745375
751,250,250,248,167.82103289157632,23.512163162231445,0.1,0.0392156862745098
752,250,249,249,102.66265966228292,11.841208457946777,0.05304536241622941,0.010500720913428182
753,251,251,246,257.6132648731762,29.21238899230957,0.1,0.0784313725490196
754,251,251,251,23.77613020276164,11.622246742248535,0.1,0.0392156862745098
755,251,251,246,244.85977020510956,28.52759552001953,0.1,0.0784313725490196
756,252,252,198,45.58571034771273,9.099806785583496,0.06698301688202571,0.0048317789582569895
757,252,252,155,120.04188973673907,14.39595890045166,0.08781325511415936,0.01697004036579536
758,252,252,233,13.892549752086701,5.018145561218262,0.10358779371274325,0.005786043227089982
759,253,253,158,241.9278468746999,69.29335021972656,0.1,0.0392156862745098
760,253,253,179,106.25347467894387,11.774321556091309,0.04988584339037622,0.01003872635985498
761,253,264,264,117.53544304212545,12.707395553588867,0.06262767779648024,0.015885642001977437
762,254,254,243,167.18438492616104,23.79868507385254,0.1,0.0392156862745098
763,254,254,212,115.66874443716806,12.591395378112793,0.061406084957649286,0.015067701234215036
764,254,254,245,176.58836679879505,23.432039260864258,0.1,0.0392156862745098
765,255,255,244,112.68700382348757,12.735418319702148,0.06407405945297338,0.015734940779559576
766,255,255,225,21.47522785747755,8.531071662902832,0.07173602131514104,0.004162838739761712
767,255,255,163,115.77909320710793,12.515275955200195,0.0557463074122542,0.013025128682541572
768,256,205,208,101.07995619253762,11.08742618560791,0.03703060373927414,0.006711562181934597
769,256,256,205,58.03269278006932,11.671140670776367,0.0912930741746803,0.011662756147191564
770,256,256,385,207.67527420202032,31.173555374145508,0.1,0.0392156862745098
771,257,257,263,51.440681481008106,8.100967407226562,0.054668379114227686,0.006658961534051277
772,257,222,222,63.32047784059073,8.669413566589355,0.06251891590989395,0.00978446375407722
773,257,257,258,26.609058605642076,12.819098472595215,0.08033216383010505,0.0008471602541683595
774,258,706,201,123.52303458547075,12.262784957885742,0.061681883190776526,0.01537419476568445
775,258,258,203,162.07501449992395,22.4650936126709,0.1,0.0392156862745098
776,258,258,850,125.53853251718395,12.03503131866455,0.06305686427601884,0.01616533278014762
777,259,259,259,64.73664058679816,14.376250267028809,0.1,0.0392156862745098
778,259,259,260,50.23002621219043,12.124996185302734,0.0914327117715484,0.011960672220717767
779,259,259,260,93.38864726360289,15.8385009765625,0.08836555519237745,0.017271836713862957
780,260,260,244,117.46624663207528,13.634421348571777,0.08958531014860258,0.01896636582120693
781,260,260,258,59.75021063701418,8.240527153015137,0.05874919700647789,0.008061631942334217
782,260,260,266,115.68164374402349,12.344722747802734,0.06015292144279897,0.01424288691102276
783,261,261,259,91.3005853426227,16.320219039916992,0.08828649162478265,0.0172312706590503
784,261,261,259,94.91532279902073,13.978090286254883,0.0677415732156031,0.010526473398487817
785,261,261,224,167.41838808996522,24.066150665283203,0.1,0.0392156862745098
786,262,262,243,20.31097952633036,5.204037189483643,0.10405395528848091,0.01006643844366801
787,262,341,343,15.439765125758175,4.412560939788818,0.09092299581659781,0.0004955966245126357
788,262,262,252,27.866256454516254,7.608275413513184,0.09697897471066125,0.007907173892804082
789,263,263,180,96.00252950925885,15.434575080871582,0.08921497630656587,0.018141774384246287
790,263,263,264,106.07216068838478,15.797045707702637,0.08861915963621687,0.018373669116434937
791,263,263,264,104.40978906515741,15.363228797912598,0.08842980475715462,0.017429129227615022
792,264,263,162,117.30185690880576,12.63916301727295,0.06148049666138511,0.015254596501471953
793,264,217,217,117.1559480424384,12.574328422546387,0.061247668541353384,0.014977536110696934
794,264,264,158,121.05529703513488,12.241555213928223,0.061450613186995816,0.015077760401644415
795,265,265,187,123.5788154676132,11.608814239501953,0.06372794982446361,0.01655744992880067
796,265,265,785,97.94857136340931,15.562907218933105,0.08843297412159397,0.017386100720997662
797,265,266,177,248.82998690480932,55.44377899169922,0.1,0.0392156862745098
798,266,266,221,123.04179609315936,13.062520027160645,0.08878960852843704,0.017894298821952943
799,266,267,267,115.38870156982999,12.371981620788574,0.06063959245883912,0.014526255103701834
800,266,266,265,102.54034096228023,11.865826606750488,0.054136046961269245,0.010740381233924949
801,267,267,181,123.44673558750166,12.2139253616333,0.06278894428991538,0.016005752763508272
802,267,267,266,118.90579611231237,12.746160507202148,0.06289038190005784,0.01619342700767942
803,267,267,221,66.49782373812718,6.066641330718994,0.04246500707585569,0.003621298625347793
804,268,268,227,103.69392529216566,11.812623977661133,0.0506942272189648,0.010075668861474884
805,268,268,341,103.10897001139566,11.566073417663574,0.04265791847286005,0.008253525368517995
806,268,268,171,105.60383278908236,11.835745811462402,0.05089538374453757,0.010269147383236987
807,269,269,272,113.40802079293509,12.641761779785156,0.06116524231311241,0.014820288551871758
808,269,269,174,108.86096942287382,12.298421859741211,0.054494676508458274,0.011926962631624845
809,269,247,247,120.29959254728846,12.373746871948242,0.0635325910800251,0.01643394170910884
810,270,270,258,25.500799570065514,5.84506368637085,0.05888725301582771,0.004222750619030521
811,270,270,279,95.36633849732361,15.788260459899902,0.08833114820805782,0.017281205018648167
812,270,279,279,12.542405186863846,4.4361348152160645,0.0925809220088719,0.0014927750839196542
813,271,271,272,38.43832085686505,9.763501167297363,0.09269294960417933,0.008549351587502238
814,271,280,280,30.958782557122248,6.29378604888916,0.05295446031017659,0.004437180408811293
815,271,271,277,9.089393143904296,3.2414135932922363,0.1118006884609021,0.010284777815579411
816,272,272,273,99.86458699747841,15.345513343811035,0.08844887502843876,0.01744253401719701
817,272,272,280,118.22054905950561,12.093932151794434,0.05614231712272836,0.013451763485588759
818,272,272,350,112.7318018094796,12.5723876953125,0.05994892988118315,0.014131941630275594
819,273,273,263,128.29523781231094,11.758459091186523,0.06178782838478115,0.015472934711390857
820,273,273,263,108.19973072325627,11.88761043548584,0.05247923235695605,0.01058412684861628
821,273,273,270,15.307521754128702,4.6168036460876465,0.08710304936376856,0.0002943071337762806
822,274,274,274,25.566007549480275,15.724492073059082,0.1,0.0392156862745098
823,274,274,277,95.8367309150838,15.607534408569336,0.0907866077269644,0.02004349327276279
824,274,274,184,113.74111147975486,12.635123252868652,0.06056970220735943,0.014546603538372886
825,275,275,340,352.24545622307687,42.16550827026367,0.1,0.0784313725490196
826,275,275,225,118.95431020158868,12.467270851135254,0.061306401952167834,0.01499334094458308
827,275,275,25,47.0271924228619,9.023506164550781,0.09839086419184456,0.01721828423513623
828,276,276,104,9.225991933672512,8.767148971557617,0.053139415578939204,0.000900220804951217
829,276,276,293,195.792181814439,27.672426223754883,0.1,0.0392156862745098
830,276,276,271,112.98662446214932,12.734403610229492,0.06115627562373882,0.01487229603972198
831,277,277,278,31.921669947655534,8.40089225769043,0.09718828032392646,0.01120658792052821
832,277,280,280,118.98219401061868,12.781790733337402,0.056637189934461714,0.014129609584262164
833,277,277,271,9.806959646205756,3.845764398574829,0.10414514897595065,0.0007894419678742132
834,278,278,277,112.21934733595191,12.334073066711426,0.059182036093005264,0.013531101115391624
835,278,278,274,94.84957678238543,15.473387718200684,0.08840699504041263,0.01726335631707672
836,278,278,277,101.20032263117652,14.692242622375488,0.08847288459029728,0.017336245939009804
837,279,279,294,116.38527592998247,12.523595809936523,0.0620709502139221,0.015466211245515695
838,279,279,977,126.20623426213518,11.580353736877441,0.06245445767911304,0.0156972924290625
839,279,279,258,89.51924645152891,16.45240592956543,0.08832317619195099,0.01735137887763352
840,280,280,277,261.52230671614825,31.560256958007812,0.1,0.0784313725490196
841,280,280,278,43.13604200290607,7.19605827331543,0.04787601889006866,0.004504144894202252
842,280,280,104,56.13262217388328,8.515625,0.0580988625307179,0.007973925489551116
843,281,281,285,148.57927211129763,10.069475173950195,0.05163692236912307,0.011413767215043964
844,281,281,282,114.44534941418428,12.61014461517334,0.06128302524433354,0.01495778010565825
845,281,281,282,106.8349183193776,11.692028045654297,0.05472312145741524,0.010973236952651219
846,282,282,904,91.63804791701007,15.551504135131836,0.0897346767475151,0.017120903226807416
847,282,282,281,115.56135110885414,12.721835136413574,0.06257396328350928,0.015844724283612405
848,282,539,539,117.10126622152873,12.535481452941895,0.061379546070275466,0.015116147301066123
849,283,283,332,29.23505049978067,4.808812141418457,0.10573489436068823,0.02861082868834853
850,283,283,281,122.68365826493522,11.922758102416992,0.060459312884019296,0.014511815286829835
851,283,283,259,55.281008127350496,11.434684753417969,0.09226457627432283,0.012902609376433524
852,284,284,285,113.85018112904191,12.751388549804688,0.061307105472775514,0.015000553055378178
853,284,284,876,101.72843858403104,15.267837524414062,0.08844353331319092,0.017443210567628653
854,284,284,284,27.402085935074236,16.354389190673828,0.1,0.0392156862745098
855,285,285,252,281.5003398354775,30.097049713134766,0.1,0.0784313725490196
856,285,285,281,133.0161116827819,9.859444618225098,0.09001672355085615,0.017489400395503847
857,285,285,285,73.52431582969275,16.087846755981445,0.1,0.0392156862745098
858,286,286,290,115.47802811296448,11.601677894592285,0.0536048735762871,0.011287364994087036
859,286,286,274,92.89777196436341,16.08765411376953,0.08800006163894425,0.016965883201812942
860,286,286,104,57.980786604655144,11.481708526611328,0.09331181112399475,0.014485335111262857
861,287,287,274,107.76053458624128,12.210047721862793,0.05696811652259857,0.01216240942310342
862,287,287,286,113.2732458915436,12.741361618041992,0.061134749239991994,0.014897658797221151
863,287,287,289,34.3023206075673,8.273627281188965,0.09790244943404657,0.012425338124522862
864,288,288,282,116.7902962312257,12.725069999694824,0.06140846831388469,0.015194682211400513
865,288,288,289,120.41906614718287,12.18310832977295,0.0615807010623449,0.015297326121542804
866,288,293,293,19.873364890819,3.919400930404663,0.023905652553635755,0.0006401434556574381
867,289,289,489,115.81328096823907,12.539327621459961,0.06142943669128148,0.01505178944671014
868,289,289,293,118.57971465285624,12.285623550415039,0.06144806810130862,0.01505108251084969
869,289,289,383,116.01986281640497,12.616254806518555,0.0613895670365899,0.015107336262101735
870,290,290,288,115.63578608182924,12.722638130187988,0.06172791525893632,0.015080312978617675
871,290,290,293,170.6228763654987,23.4969482421875,0.1,0.0392156862745098
872,290,290,288,121.22577895916321,12.678096771240234,0.06395230845897024,0.01676841483796393
873,291,291,343,119.2183838979811,12.278138160705566,0.061414977259245204,0.01503249996620952
874,291,291,850,167.13709718279716,21.8878173828125,0.1,0.0392156862745098
875,291,291,286,87.48361720442333,16.55628204345703,0.08818242180327593,0.017111817353168923
876,292,292,291,114.78378498808418,12.578953742980957,0.061379226436662784,0.014992003747738857
877,292,292,282,167.276588648965,21.608169555664062,0.1,0.0392156862745098
878,292,292,282,258.80336073956846,30.851303100585938,0.1,0.0784313725490196
879,293,293,288,14.724823067634649,6.655026435852051,0.040525603738692274,0.0005512195616214285
880,293,293,335,12.141420108479497,4.058426380157471,0.1073125348325688,0.00656760479803477
881,293,293,288,112.97389923979097,12.237605094909668,0.05273472582997219,0.011760788878325504
882,294,347,233,11.97625802079414,5.508988380432129,0.07056122084460097,0.003292609997947231
883,294,294,226,175.49348941253538,22.91489028930664,0.1,0.0392156862745098
884,294,294,104,161.746283741949,22.521286010742188,0.1,0.0392156862745098
885,295,294,294,122.2848518823062,12.657045364379883,0.06077570993461022,0.016047336027847924
886,295,295,297,119.59905403398461,12.342097282409668,0.06132138253107485,0.01495787100162458
887,295,295,370,117.36729161937883,12.600566864013672,0.061408238327287555,0.015144822464826038
888,296,296,258,133.61277732166613,10.841937065124512,0.06405166455725332,0.01684223000128297
889,296,296,280,169.66753764650886,23.824851989746094,0.1,0.0392156862745098
890,296,296,728,113.00140012382073,12.686786651611328,0.06117351279330964,0.014814159324733178
891,297,297,369,105.61988771340326,15.143718719482422,0.08849829318361171,0.017536059115703873
892,297,297,295,115.12754102331954,12.392038345336914,0.06009097697543943,0.014251019582451233
893,297,297,379,115.06000137875718,12.65990161895752,0.06134267013251429,0.015062467970716864
894,298,298,336,53.09263996034211,12.042337417602539,0.09297440728141032,0.014037856308929023
895,298,298,299,97.67893377040915,15.469270706176758,0.088392559570806,0.017298655681240525
896,298,298,106,113.6405730735412,12.572772979736328,0.06129383971657937,0.014891874620913518
897,299,299,298,120.26314789292779,11.311491966247559,0.050917476173453456,0.010204920135558303
898,299,299,293,217.19926523298315,38.72962951660156,0.1,0.0392156862745098
899,299,299,298,207.35741918866952,32.13868713378906,0.1,0.0392156862745098
900,300,300,305,178.8589234488542,23.989704132080078,0.1,0.0392156862745098
901,300,300,304,170.5842156422427,23.454809188842773,0.1,0.0392156862745098
902,300,300,302,202.6978755308206,24.249893188476562,0.1,0.0392156862745098
903,301,301,125,184.93526814227315,25.846925735473633,0.1,0.0392156862745098
904,301,301,301,43.08151805886611,17.103240966796875,0.1,0.0392156862745098
905,301,301,304,253.5142043240997,29.414716720581055,0.1,0.0784313725490196
906,302,302,78,181.91572201121022,26.76820945739746,0.1,0.0392156862745098
907,302,302,300,111.10921232163456,12.412517547607422,0.05873195623839911,0.013296624456692586
908,302,302,307,181.77043924582173,24.80445671081543,0.1,0.0392156862745098
909,303,303,302,144.92403696238964,10.11536979675293,0.051201520749418514,0.010836447688928632
910,303,303,79,110.79095641815648,14.072160720825195,0.0885315460813205,0.01738868639629505
911,303,303,302,105.44701937723508,11.80148983001709,0.05053540882826457,0.010139264791219457
912,304,75,75,107.45365322645928,12.021614074707031,0.05650601506723307,0.011859576960628598
913,304,304,14,110.2117499112752,13.069820404052734,0.06004646210513497,0.010851592071328714
914,304,304,304,40.01750096785148,16.61847686767578,0.1,0.0392156862745098
915,305,305,302,118.44896432659085,12.209891319274902,0.06143805212683015,0.014981743094877934
916,305,305,310,34.667215039313405,8.421821594238281,0.052704560395344,0.000594087593283936
917,305,305,302,95.6491533714585,15.483841896057129,0.08844462512726933,0.017294541269596567
918,306,305,305,10.081431275715632,3.4410688877105713,0.020844028443136528,0.0004209380731983181
