0,0,0,37,158.18334734865292,17.48419952392578
1,0,0,363,105.26114098414124,11.975979804992676
2,0,0,192,245.27140569097477,29.25566291809082
3,1,1,397,256.52775364481874,33.08366394042969
4,1,1,391,229.55284473041695,27.814830780029297
5,1,1,97,245.68698764288058,28.986968994140625
6,2,2,171,244.78474525152487,29.142011642456055
7,2,2,96,242.38475180273971,29.51091766357422
8,2,2,47,228.39320739213198,28.141679763793945
9,3,2,2,240.57011348471715,27.613849639892578
10,3,3,36,225.99283557655687,27.39712905883789
11,3,3,363,255.53293251936898,30.85542106628418
12,4,4,2,260.8545834823804,31.396514892578125
13,4,4,65,260.33961613546904,43.12882995605469
14,4,4,474,319.42039801958515,58.39878463745117
15,5,5,828,255.88142714983923,36.926124572753906
16,5,5,868,150.6888540679503,18.11006736755371
17,5,5,857,41.96829651755767,4.94151496887207
18,6,6,913,229.3618727256883,27.63396453857422
19,6,6,514,245.10873880720044,29.176246643066406
20,6,6,5,241.216029899484,29.629674911499023
21,7,8,99,232.550254303663,27.73874282836914
22,7,7,82,280.22150974238457,31.883737564086914
23,7,7,8,248.59614813954312,28.752931594848633
24,8,8,7,246.39079229064708,28.729400634765625
25,8,8,808,231.9617166934496,25.79079818725586
26,8,8,658,247.42810996386518,29.157882690429688
27,9,9,213,258.9396674297837,30.709571838378906
28,9,9,138,270.8358541817743,29.793785095214844
29,9,9,283,229.905854899299,27.737600326538086
30,10,10,298,160.83079980902008,19.231510162353516
31,10,10,256,236.9182035880166,28.311748504638672
32,10,10,381,228.46779270341196,27.71365737915039
33,11,11,611,255.31032816296684,28.397981643676758
34,11,11,196,243.48113265670725,29.46525001525879
35,11,11,160,253.13074003976288,30.368270874023438
36,12,12,92,247.4057286545574,27.85552406311035
37,12,12,313,238.21942182858297,28.4996280670166
38,12,12,971,267.59167861708704,33.632747650146484
39,13,13,94,241.67604030108427,28.21849822998047
40,13,13,428,217.327665089454,26.63752555847168
41,13,13,12,266.01402387652064,31.903921127319336
42,14,14,136,258.39600955925636,31.012514114379883
43,14,14,94,263.86264491251376,35.41874313354492
44,14,14,611,172.97655883183367,20.279083251953125
45,15,15,84,252.9085498942692,28.478778839111328
46,15,15,348,239.68484229067897,28.190881729125977
47,15,15,109,250.1174124426036,30.448665618896484
48,16,16,806,254.474083936183,29.70810317993164
49,16,16,863,255.89176175094858,31.356300354003906
50,16,16,40,235.97104734451506,26.859426498413086
51,17,17,674,244.86226045380013,28.979488372802734
52,17,17,641,234.91682638340632,28.538297653198242
53,17,17,641,256.3455741689709,31.527299880981445
54,18,18,20,229.0486665285816,27.613174438476562
55,18,18,99,244.82662605244593,29.100433349609375
56,18,18,815,243.41954971862071,29.009897232055664
57,19,19,18,255.01388142187292,28.016977310180664
58,19,19,850,245.80658212405805,28.705543518066406
59,19,19,84,215.44121411891965,25.949996948242188
60,20,20,12,330.297569444445,31.53960418701172
61,20,20,13,261.03111320941855,31.778287887573242
62,20,20,824,267.8638902376162,40.73696517944336
63,21,21,146,247.6699538403355,24.388080596923828
64,21,17,361,261.9323163256653,33.899757385253906
65,21,21,132,229.47648890324902,27.77520751953125
66,22,22,21,229.16036891078537,25.045927047729492
67,22,795,313,239.9389460817665,29.089468002319336
68,22,22,23,236.0796075468978,25.754350662231445
69,23,23,8,230.302960862583,27.270435333251953
70,23,23,390,234.17116124116805,28.276214599609375
71,23,23,132,243.0827014126587,26.073083877563477
72,24,24,971,245.85188617362323,28.910608291625977
73,24,24,748,265.063672395097,36.653682708740234
74,24,24,331,228.23386401582863,27.682048797607422
75,25,25,39,254.18031937235952,28.001440048217773
76,25,25,28,244.48564653611788,28.996686935424805
77,25,25,30,255.24316582789842,30.121240615844727
78,26,26,82,191.27247839785292,22.844356536865234
79,26,26,79,249.51252270317983,28.740629196166992
80,26,26,363,222.90719670141,27.941661834716797
81,27,27,440,226.84561417237435,27.677724838256836
82,27,27,184,246.19609663012045,28.419191360473633
83,27,27,42,246.0251265579575,28.750627517700195
84,28,28,304,254.87182045477917,33.46399688720703
85,28,28,996,120.08316368678909,13.936602592468262
86,28,25,25,223.60668142716077,24.197803497314453
87,29,26,30,260.96033005229117,33.72486114501953
88,29,29,109,267.99036380506357,31.519887924194336
89,29,29,239,245.4812411291209,29.19051170349121
90,30,30,32,232.68784220101585,26.871726989746094
91,30,30,201,253.4771121716395,27.32769775390625
92,30,30,32,241.79881370535466,29.108198165893555
93,31,31,36,218.79781615971837,26.719602584838867
94,31,31,125,282.18644062432986,42.58023452758789
95,31,31,285,270.2780457960757,33.69397735595703
96,32,47,47,255.83822072956363,31.591033935546875
97,32,30,971,155.22144405426437,18.73676109313965
98,32,32,31,263.3833566213929,33.709999084472656
99,33,34,646,228.10737743000385,27.978971481323242
100,33,33,703,247.11905027420514,28.278600692749023
101,33,33,84,244.13149345949714,29.203506469726562
102,34,34,611,266.88548000960384,74.87605285644531
103,34,2,611,240.5532667671105,29.506574630737305
104,34,34,36,242.53775332833774,29.013282775878906
105,35,35,396,228.51360043257165,28.04900550842285
106,35,37,37,229.74603560723733,27.538225173950195
107,35,35,37,269.86923348606734,36.72583770751953
108,36,36,646,232.96152757909493,26.844654083251953
109,36,33,721,268.59785585736637,32.14329147338867
110,36,36,84,160.00913279889843,18.851268768310547
111,37,37,36,248.67014080136903,29.1580867767334
112,37,37,36,227.98334383956836,24.981781005859375
113,37,37,113,229.69290489735164,27.464069366455078
114,38,38,212,150.14558571264175,17.456096649169922
115,38,38,315,269.75320827631464,33.01091766357422
116,38,38,126,223.80077242966536,24.460603713989258
117,39,39,31,232.580307077251,27.02692985534668
118,39,39,125,242.9243020746446,29.065837860107422
119,39,39,611,244.37655331389732,28.93765640258789
120,40,40,46,267.96335734939834,33.831748962402344
121,40,40,39,241.76360159394184,29.598867416381836
122,40,40,55,233.08019939396124,26.68312644958496
123,41,41,70,195.80545964809065,22.742631912231445
124,41,41,50,258.7941041991955,35.86103439331055
125,41,41,47,245.39022733674864,30.48414421081543
126,42,42,42,228.84606714720144,27.828311920166016
127,42,42,356,240.03271404091484,26.504093170166016
128,42,42,94,259.6080050672684,26.802427291870117
129,43,43,335,42.248077174807385,4.966585636138916
130,43,43,488,229.911249850505,27.444934844970703
131,43,43,32,251.107347472209,29.430095672607422
132,44,44,971,263.26292602200846,33.539703369140625
133,44,44,329,246.92403158969788,28.462242126464844
134,44,44,111,229.40666391845232,27.574256896972656
135,45,45,303,227.5656578459152,26.518787384033203
136,45,45,329,231.05316665180192,27.216819763183594
137,45,45,509,246.00162364677394,28.906600952148438
138,46,46,30,229.15036488581265,27.612333297729492
139,46,46,94,232.36625511355376,27.242815017700195
140,46,46,123,258.97445725977735,30.249296188354492
141,47,47,310,248.07052735419845,30.843585968017578
142,47,47,316,264.58422305616176,32.442203521728516
143,47,47,46,235.0874103825895,28.121946334838867
144,48,48,192,245.2763989419116,28.79979705810547
145,48,48,988,228.66703848724262,27.792633056640625
146,48,48,342,239.92335506985225,28.948909759521484
147,49,34,109,229.8251889184347,27.430309295654297
148,49,49,50,228.57541520906926,27.754100799560547
149,49,49,750,229.26766483759553,27.740863800048828
150,50,50,49,244.95344285612535,28.851398468017578
151,50,50,47,248.04961563930763,28.534542083740234
152,50,50,971,244.80731877396573,29.083576202392578
153,51,51,295,66.58073016208448,7.023496150970459
154,51,51,356,244.99074802419028,29.091129302978516
155,51,51,677,245.97173431200207,28.499181747436523
156,52,52,363,243.2572844314693,29.273855209350586
157,52,52,996,232.1898219116767,27.221899032592773
158,52,52,372,245.21273216240093,28.862707138061523
159,53,53,114,230.83299054729937,27.39602279663086
160,53,53,67,267.4424494462909,32.70146179199219
161,53,53,237,511.1225720435414,60.11161804199219
162,54,54,67,312.61053420467067,37.44872283935547
163,54,54,67,229.39248130482227,27.374834060668945
164,54,54,457,227.15661168918822,27.483722686767578
165,55,55,64,265.1483347565331,32.16446304321289
166,55,55,64,321.75057704643694,98.10867309570312
167,55,55,109,229.17917154306338,27.868635177612305
168,56,56,328,243.6696375220383,28.71550941467285
169,56,56,112,247.72494957102228,28.336816787719727
170,56,56,33,217.63791153759527,26.18047523498535
171,57,57,111,273.1352984383283,34.668487548828125
172,57,57,611,233.9935670266949,27.200908660888672
173,57,57,52,259.8113268140603,30.92929458618164
174,58,58,489,211.01501078240415,25.584484100341797
175,58,58,721,249.74596609277216,30.36977767944336
176,58,58,65,255.35979081652818,36.417884826660156
177,59,59,64,227.73243428153302,27.634552001953125
178,59,59,64,232.66386360205516,28.59935760498047
179,59,59,64,237.48306086453556,27.417139053344727
180,60,60,67,230.9419859154738,27.578340530395508
181,60,60,293,228.22667823674414,27.89423179626465
182,60,57,57,241.7110887923575,29.201318740844727
183,61,61,109,231.72901206262563,27.389490127563477
184,61,61,611,244.27090716527354,28.91710090637207
185,61,61,411,247.90772687575281,28.438444137573242
186,62,62,61,78.93631688502145,9.369193077087402
187,62,62,735,81.788040419278,9.641237258911133
188,62,62,61,78.73799989653426,9.312431335449219
189,63,63,327,265.3778982022537,32.017677307128906
190,63,63,52,233.36261682951837,27.50080680847168
191,63,63,865,216.83696819192494,25.482175827026367
192,64,64,395,230.2450850000467,27.096284866333008
193,64,64,55,231.73972863609148,28.00448989868164
194,64,64,59,238.64937872747134,28.67917823791504
195,65,65,54,249.32993578269242,28.315168380737305
196,65,65,396,247.8954042622258,28.977338790893555
197,65,65,570,266.2865477863511,33.57646560668945
198,66,66,815,243.85936024521186,28.618864059448242
199,66,52,57,93.58991889200276,10.652544975280762
200,66,68,68,251.49186427391228,31.098711013793945
201,67,67,115,220.68467346320568,25.732532501220703
202,67,67,66,264.2213491440479,32.92594909667969
203,67,67,46,240.91116129134682,28.01869010925293
204,68,66,539,260.4339957449906,32.33598709106445
205,68,68,32,88.6117433008928,10.34277057647705
206,68,68,67,246.98669297348775,28.62322425842285
207,69,69,524,239.55626144359826,27.755353927612305
208,69,69,971,192.89453012040553,22.28660774230957
209,69,69,584,256.68299476025936,29.547882080078125
210,70,70,75,231.60138730587545,27.676612854003906
211,70,70,84,242.0460322999901,29.593364715576172
212,70,70,124,195.9898276530542,23.134546279907227
213,71,306,306,232.96994956843218,26.88551139831543
214,71,71,78,228.28762556168527,25.1358642578125
215,71,71,300,245.34563211476288,28.631364822387695
216,72,72,311,229.52793159335715,27.91596221923828
217,72,72,74,247.42852504444804,28.78244972229004
218,72,72,74,232.85706696371213,26.704309463500977
219,73,75,75,188.52391157817743,22.414527893066406
220,73,73,74,235.4023764161524,27.69936752319336
221,73,73,77,279.4248509791415,30.060945510864258
222,74,74,319,247.51322777039712,28.43377113342285
223,74,74,120,244.15169050407437,29.965007781982422
224,74,815,815,261.7172984985667,30.5914363861084
225,75,75,669,243.74312241062148,28.98903465270996
226,75,75,73,242.66750757726564,29.350690841674805
227,75,75,735,264.10540609162666,29.93492317199707
228,76,76,328,241.53948225533662,29.253976821899414
229,76,76,641,247.98910545079008,28.45178985595703
230,76,76,74,244.8009243105817,28.607276916503906
231,77,77,73,231.9954538505932,27.91057777404785
232,77,77,125,254.3100584898438,28.173362731933594
233,77,77,31,250.27344356407428,30.076091766357422
234,78,120,120,154.68744811651442,15.92735767364502
235,78,78,310,283.78165965212173,32.04942321777344
236,78,125,125,239.64604660767864,28.9320068359375
237,79,79,79,242.50876846524747,29.194355010986328
238,79,79,78,246.7733885518996,27.999479293823242
239,79,79,74,267.22203782575053,34.55363082885742
240,80,80,176,256.4106850548483,35.447723388671875
241,80,81,855,173.7283498615822,19.50861358642578
242,80,80,266,123.10988616060646,14.176764488220215
243,81,81,7,253.14364429425908,30.308603286743164
244,81,81,99,286.7960562210934,29.190425872802734
245,81,81,84,230.69148528776392,27.43832778930664
246,82,82,138,262.44735013460144,31.48131561279297
247,82,86,459,232.14669733490132,26.712661743164062
248,82,85,305,240.09666323583863,26.199312210083008
249,83,83,86,271.7399267584111,36.20960235595703
250,83,83,971,241.24386039347917,29.617027282714844
251,83,83,109,230.22975272514694,27.58932113647461
252,84,84,697,231.89477695760922,27.13584327697754
253,84,84,767,231.85842011601417,27.37091064453125
254,84,84,611,238.67938907374193,28.08323860168457
255,85,85,730,242.49890053670507,29.197755813598633
256,85,81,81,244.0689180418229,28.955535888671875
257,85,85,82,266.60687177591643,31.907136917114258
258,86,86,876,244.82561277609017,29.044462203979492
259,86,86,133,241.8628946170926,29.52103614807129
260,86,86,140,262.5609943283369,26.108211517333984
261,87,87,374,230.687687216947,27.520122528076172
262,87,87,23,248.95364034526878,28.25873565673828
263,87,87,806,239.52720707321112,29.18134117126465
264,88,88,327,231.31870560219488,27.501155853271484
265,88,88,94,234.1802747761159,26.91402816772461
266,88,88,824,247.24621124958372,29.6419620513916
267,89,89,9,229.0051551905918,27.722900390625
268,89,89,50,245.86573016809538,29.51767349243164
269,89,89,86,248.64029353533206,28.322172164916992
270,90,90,91,243.16558287643835,29.25519561767578
271,90,90,611,240.79252480542146,29.06107521057129
272,90,90,15,240.37827221193714,27.86591339111328
273,91,91,10,248.02748216514397,28.467647552490234
274,91,91,65,234.6606852294993,27.280452728271484
275,91,91,611,241.36900069316238,29.27083396911621
276,92,92,9,224.47339970408865,26.965246200561523
277,92,92,95,236.10815171559764,27.238300323486328
278,92,92,777,252.94522485120333,29.429553985595703
279,93,93,96,243.6551960519759,29.132831573486328
280,93,93,18,229.08366835539374,27.912843704223633
281,93,93,96,239.5312413941282,27.3975772857666
282,94,94,611,244.8746524491045,28.66996955871582
283,94,94,611,263.1222171774571,32.506587982177734
284,94,94,327,236.37924698623013,27.926822662353516
285,95,95,94,228.56036357441326,27.983848571777344
286,95,95,94,240.37082005548427,28.824542999267578
287,95,95,109,230.7082645295693,27.58226203918457
288,96,96,489,288.48172676690314,58.62899398803711
289,96,96,170,248.5066507709179,28.795265197753906
290,96,96,93,229.35033770403672,27.654111862182617
291,97,97,92,242.41930001024699,29.511476516723633
292,97,97,94,237.2563871513764,28.62389373779297
293,97,97,611,231.07164624920682,28.01074981689453
294,98,98,835,156.55514202714022,18.2269344329834
295,98,98,195,229.03714155421898,27.866790771484375
296,98,98,97,242.36099652519945,29.4027156829834
297,99,99,796,246.83748552729318,28.326791763305664
298,99,99,137,239.28177950671616,28.3189640045166
299,99,99,971,243.18812136268727,28.552871704101562
300,100,100,99,241.6385880604397,29.415918350219727
301,100,100,86,228.69597455006155,27.339475631713867
302,100,100,748,227.99794889895097,27.721546173095703
303,101,101,386,228.2577732037177,27.9431095123291
304,101,386,386,229.34253630934344,27.71857452392578
305,101,101,109,244.84913510365408,28.72321319580078
306,102,102,839,255.27907237043684,32.305118560791016
307,102,102,334,242.2268077803886,29.3784122467041
308,102,102,109,243.814195601,29.022296905517578
309,103,103,341,113.29873491230163,13.567469596862793
310,103,103,230,64.91543849058759,7.849521160125732
311,103,103,293,171.899653056384,20.22266960144043
312,104,104,109,242.04355403239896,29.37860107421875
313,104,104,700,235.53740213563125,26.338882446289062
314,104,104,824,246.4775873430347,28.719648361206055
315,105,105,214,263.3466404379254,31.938434600830078
316,105,105,376,247.61132772480576,28.986221313476562
317,105,105,269,245.26285996799783,28.97328758239746
318,106,106,269,242.53100051168818,29.184688568115234
319,106,106,491,247.17567985551176,28.60825538635254
320,106,106,331,269.88896268705935,30.2283992767334
321,107,107,674,252.3521144154922,28.827457427978516
322,107,107,805,242.42908954741415,28.769746780395508
323,107,107,971,239.99801999387984,28.549894332885742
324,108,328,328,228.23765791248113,27.12215232849121
325,108,108,328,244.87920641781196,29.46031379699707
326,108,991,991,226.63015132478645,27.16771125793457
327,109,109,611,281.55823936123124,41.21402359008789
328,109,109,390,256.6272238532012,29.834571838378906
329,109,109,108,236.93041725147,28.345596313476562
330,110,110,115,271.17932317802024,31.79511070251465
331,110,110,84,242.80709069897526,28.961313247680664
332,110,110,82,263.96006523883756,32.93865966796875
333,111,111,835,241.7213033763086,27.081010818481445
334,111,111,816,224.73657845828959,23.044113159179688
335,111,111,880,205.67024226592872,23.725814819335938
336,112,112,316,237.41073862615963,26.118886947631836
337,112,991,991,230.50524885803983,26.92458152770996
338,112,112,643,226.60735308791797,26.63663101196289
339,113,113,832,232.65764970769308,26.970930099487305
340,113,113,304,230.73121200384344,27.759111404418945
341,113,113,988,243.50440473690594,29.009960174560547
342,114,114,971,265.72804737434535,32.65147399902344
343,114,114,39,238.1309610387583,28.3053035736084
344,114,113,113,243.5673146130415,28.84423065185547
345,115,115,947,245.70376443315232,28.97739601135254
346,115,115,110,244.1207070016677,28.889131546020508
347,115,115,110,250.89427251294063,28.071056365966797
348,116,116,69,231.18493910363165,27.331857681274414
349,116,116,69,229.64268949604616,27.111005783081055
350,116,116,580,241.5299569055411,28.79534912109375
351,117,117,474,229.37333826456776,27.545120239257812
352,117,117,126,176.8403241596064,20.049962997436523
353,117,117,658,501.7562964666309,54.0579719543457
354,118,118,544,159.72665896828028,18.016237258911133
355,118,118,123,228.51359190506568,27.73330307006836
356,118,118,312,231.5215304890064,27.28325080871582
357,119,119,111,234.32318833501145,27.21999740600586
358,119,119,79,241.18498592692896,29.398958206176758
359,119,125,113,232.95115163778138,27.053987503051758
360,120,120,365,266.0848130810987,33.908321380615234
361,120,120,312,228.1715881739495,27.832550048828125
362,120,120,219,284.21730694072465,57.16987991333008
363,121,121,971,248.0895236511239,28.62565803527832
364,121,121,124,227.7900793238876,27.600915908813477
365,121,121,679,263.2724293809769,30.97612762451172
366,122,122,125,204.04825929169402,22.693037033081055
367,122,122,124,269.8451934409987,31.345108032226562
368,122,122,113,178.0238200483394,19.20111846923828
369,123,123,70,241.69601084879247,28.700883865356445
370,123,123,328,243.86372287382764,29.09649658203125
371,123,123,124,231.88934862474542,27.39002799987793
372,124,124,121,244.45714067412857,28.49183464050293
373,124,124,125,247.85241299748276,28.1279296875
374,124,124,123,244.4257246504634,29.204174041748047
375,125,125,988,236.008300557761,26.576692581176758
376,125,125,120,246.767985154127,28.305871963500977
377,125,125,124,244.35127910945147,28.844520568847656
378,126,126,282,206.38459077659078,24.358890533447266
379,126,126,750,179.3129381208603,21.38127899169922
380,126,126,196,231.23609605036245,27.26409149169922
381,127,127,94,229.5951784153445,27.30893898010254
382,127,127,94,258.8646087538513,34.038475036621094
383,127,127,128,243.66920110271738,29.265727996826172
384,128,128,127,217.37523450804085,26.45110511779785
385,128,128,127,232.111041445333,27.062082290649414
386,128,128,135,230.02463814533766,27.45866584777832
387,129,132,132,230.02141795781048,27.40688705444336
388,129,129,132,241.25896870750728,28.03703498840332
389,129,132,646,229.53390550086107,27.611276626586914
390,130,130,319,233.53491157179243,27.184484481811523
391,130,130,129,244.3873331197065,29.016862869262695
392,130,130,144,243.46295027911395,28.76275062561035
393,131,131,134,242.8061647701236,29.316301345825195
394,131,131,135,228.05744790742642,27.7795352935791
395,131,23,971,233.87858577700703,27.395038604736328
396,132,132,362,243.2915638250824,29.048139572143555
397,132,132,99,248.53190132498293,26.47075843811035
398,132,132,129,260.18433355874953,37.32190704345703
399,133,133,82,229.24875376517045,27.596572875976562
400,133,133,183,229.9442910088501,27.42806625366211
401,133,133,395,233.86278277772396,28.166597366333008
402,134,134,18,254.3159821007258,31.09225845336914
403,134,134,18,262.81176315147775,31.69557762145996
404,134,134,132,268.6805199864468,31.491870880126953
405,135,135,342,245.28248382381022,28.902950286865234
406,135,135,138,228.33253437356439,28.02012062072754
407,135,135,815,240.50458606299048,25.819738388061523
408,136,136,71,254.5929955150316,27.959823608398438
409,136,136,82,228.8918104145858,27.74970817565918
410,136,136,845,249.58687968334144,28.365802764892578
411,137,137,93,230.5853065153474,27.380813598632812
412,137,137,99,237.53486869368913,28.247722625732422
413,137,137,971,256.49569292574256,31.25578498840332
414,138,138,49,228.52901924190056,27.788150787353516
415,138,138,18,228.28771712384147,28.138837814331055
416,138,138,9,232.74777870244563,27.85715103149414
417,139,139,140,235.1229487353381,28.011629104614258
418,139,139,142,238.66077821525934,26.93996238708496
419,139,139,141,248.29925382686815,28.295896530151367
420,140,140,142,246.27109064212345,28.38297462463379
421,140,140,971,244.0990124154094,28.78543472290039
422,140,140,142,230.37307545326362,27.78024673461914
423,141,141,140,241.99192340887936,29.70848846435547
424,141,141,142,236.19715538716738,28.939592361450195
425,141,141,143,232.87179015618128,27.893600463867188
426,142,142,474,229.4330917080104,27.45267677307129
427,142,142,94,228.52319519979392,28.021636962890625
428,142,142,879,249.23940198400766,29.656639099121094
429,143,143,13,238.83012584599336,29.305438995361328
430,143,142,788,247.944404200645,27.013551712036133
431,143,143,568,250.30729575553298,27.85230255126953
432,144,144,97,241.157296537445,29.654008865356445
433,144,144,129,256.77112265761747,29.86269187927246
434,144,144,821,242.67256440614432,29.114574432373047
435,145,145,93,245.37051932285226,29.011587142944336
436,145,145,600,230.46121704792924,27.684961318969727
437,145,145,391,221.239985172249,26.75302505493164
438,146,146,100,252.04505542751377,30.533796310424805
439,146,146,23,273.5747761229018,30.879337310791016
440,146,146,99,240.32155160483495,29.24724769592285
441,147,147,646,70.43855894900248,8.170212745666504
442,147,147,100,238.19862465044758,28.370830535888672
443,147,147,646,231.44052931995893,27.294132232666016
444,148,148,34,103.06382497676958,12.477041244506836
445,148,148,319,241.8230508257838,29.352134704589844
446,148,148,750,229.3810663811325,27.717199325561523
447,149,149,33,131.66272710034576,15.237505912780762
448,149,149,344,228.73315667706396,27.494644165039062
449,149,149,109,241.58246460302863,29.614770889282227
450,150,150,196,264.0662690609595,32.13859558105469
451,150,150,109,254.69830431585572,29.13970947265625
452,150,150,646,229.1581644093788,27.780899047851562
453,151,253,750,250.36914770589144,30.174644470214844
454,151,151,177,256.56593796803156,28.38735008239746
455,151,264,219,266.57148410594675,32.24462890625
456,152,200,228,32.68462227823826,3.871337890625
457,152,152,480,61.25116568873488,7.288445472717285
458,152,156,219,95.36097901186317,11.008851051330566
459,153,153,921,243.41423615423184,26.68141746520996
460,153,153,155,246.4268559120881,28.614652633666992
461,153,153,266,235.5407793190781,26.80266761779785
462,154,154,217,232.07437722494933,26.949512481689453
463,154,154,193,249.5579885984142,28.02422332763672
464,154,154,261,246.44436794991898,28.71481704711914
465,155,155,257,240.98884891807734,29.260149002075195
466,155,155,228,247.40785804989866,28.23106575012207
467,155,155,204,262.0567684788184,27.128366470336914
468,156,156,216,229.4309238584058,27.4034423828125
469,156,156,217,252.8902735645757,30.80890655517578
470,156,156,215,246.64262033742102,30.444664001464844
471,157,157,272,206.91145383798877,22.945175170898438
472,157,157,230,230.03241900097606,27.48566436767578
473,157,157,124,251.663578675085,27.201887130737305
474,158,158,99,244.10017653428403,29.2404727935791
475,158,158,253,267.9341122184764,31.254209518432617
476,158,158,217,240.64667624906255,29.366771697998047
477,159,159,189,171.66458910932667,20.302900314331055
478,159,159,191,248.13998472125547,28.393630981445312
479,159,209,209,247.6439572669323,27.875757217407227
480,160,160,611,235.09620303952917,28.267505645751953
481,160,160,166,125.49300191075478,14.691658973693848
482,160,160,226,248.53107094248847,28.99141502380371
483,161,161,158,240.21638679023326,28.9420166015625
484,161,161,253,167.92952692580772,18.882814407348633
485,161,161,218,248.3566245867153,28.33819580078125
486,162,162,271,245.61214105865187,28.923215866088867
487,162,162,176,270.28473309789155,31.692787170410156
488,162,161,161,230.62414220696215,27.364656448364258
489,163,185,186,124.40828162839527,14.583357810974121
490,163,163,213,198.29621436678664,23.549959182739258
491,163,163,211,115.48796066363926,13.668517112731934
492,164,162,161,228.80517111032123,27.630605697631836
493,164,164,214,234.69183407405475,27.229053497314453
494,164,164,237,242.30618789713154,24.743446350097656
495,165,214,214,270.13282032779557,31.78024673461914
496,165,165,237,217.2437340914124,25.774850845336914
497,165,165,611,261.3818000659803,33.860897064208984
498,166,493,427,28.18412339690861,3.3537991046905518
499,166,166,219,173.23770279782576,20.679502487182617
500,166,166,151,184.2638080208021,21.16829490661621
501,167,167,230,77.11361981888612,9.119216918945312
502,167,166,166,232.26018458313348,27.14645004272461
503,167,167,164,91.61101454256253,10.495148658752441
504,168,163,163,256.138710585623,27.57491111755371
505,168,225,275,234.0646076918756,28.22646141052246
506,168,245,289,243.09980670114305,29.089155197143555
507,169,169,180,265.5917078975147,30.7130069732666
508,169,169,176,227.91385313419028,27.63037109375
509,169,169,222,124.28079959992085,14.585465431213379
510,170,177,177,222.95820345272205,25.543943405151367
511,170,170,196,229.1637668058329,27.48109245300293
512,170,177,169,205.77161082144764,24.44765853881836
513,171,171,268,244.99080798304666,28.95787239074707
514,171,171,162,246.34759360947086,28.80586051940918
515,171,171,611,240.86256270479097,29.44866180419922
516,172,172,176,230.8659961848628,27.37915802001953
517,172,172,287,234.86075913269005,27.627248764038086
518,172,172,212,242.681111478986,29.191137313842773
519,173,173,97,246.87299596480807,29.75859832763672
520,173,173,611,245.40696720631428,28.50503158569336
521,173,173,643,231.74460531816672,27.415529251098633
522,174,174,159,245.87931517108356,28.523462295532227
523,174,174,971,117.99262041832168,14.201460838317871
524,174,174,176,178.67220316734026,20.229299545288086
525,175,175,189,259.2684119450409,33.13231658935547
526,175,175,228,94.0050825616411,10.807279586791992
527,175,175,226,51.34000826675204,6.016580581665039
528,176,176,646,243.19220807880018,29.12000274658203
529,176,176,212,229.42615453863522,27.733699798583984
530,176,176,163,138.05042246399276,15.426369667053223
531,177,177,197,265.5179504758557,34.43915557861328
532,177,177,181,242.25210933460107,29.54098129272461
533,177,177,233,259.3394445079666,32.696651458740234
534,178,178,354,245.9109361139968,28.588844299316406
535,178,178,363,242.22884256702957,29.223588943481445
536,178,178,164,232.45568561111847,27.418119430541992
537,179,195,245,244.16810654229198,29.180078506469727
538,179,179,246,250.8102995724353,30.010107040405273
539,179,179,385,255.16749849995742,30.15686798095703
540,180,180,199,245.3179662409794,28.53327751159668
541,180,180,254,201.66271894746086,23.331878662109375
542,180,179,252,227.80472757963256,28.011863708496094
543,181,181,177,266.0157065795419,38.37860870361328
544,181,181,267,278.76323835273735,30.808311462402344
545,181,181,189,237.6399990537501,28.525314331054688
546,182,182,509,176.76685357830542,20.742637634277344
547,182,194,267,248.93109607714112,28.282238006591797
548,182,182,196,234.3682179306734,26.892492294311523
549,183,183,233,220.91149216287184,26.218578338623047
550,183,183,276,348.56505174231967,77.27672576904297
551,183,183,184,178.73948288377184,19.848567962646484
552,184,184,191,243.4158086514195,28.888015747070312
553,184,184,186,240.68169020444284,29.36747932434082
554,184,184,193,248.23178592851932,28.5712890625
555,185,185,611,227.63681169281054,27.97774314880371
556,185,185,186,118.41450677637339,13.879240036010742
557,185,185,170,243.67097622478386,28.617568969726562
558,186,186,185,243.3953112375758,28.805898666381836
559,186,201,201,229.4098207507058,27.37556266784668
560,186,186,191,229.62615258700362,27.36345100402832
561,187,201,170,274.652729622505,32.51239776611328
562,187,187,203,229.4209577625778,27.42609405517578
563,187,187,244,274.40587058413996,32.498233795166016
564,188,198,198,102.18430436362364,12.051451683044434
565,188,188,212,115.84310570536648,13.159473419189453
566,188,188,189,266.73439312253424,42.780426025390625
567,189,189,188,146.28675682011814,16.44408416748047
568,189,203,203,139.86912315128308,16.229944229125977
569,189,188,161,248.55772087151092,28.44518280029297
570,190,190,182,63.39547828449622,7.082373142242432
571,190,190,228,166.5680431435653,18.488792419433594
572,190,190,267,242.36041324270982,28.88360595703125
573,191,191,192,242.1994579833958,29.280418395996094
574,191,191,193,234.0134665384142,26.871387481689453
575,191,191,189,244.0059064745083,28.997459411621094
576,192,192,539,246.88177216680916,28.39922523498535
577,192,192,797,240.2961553084339,29.340984344482422
578,192,192,186,248.2367461894227,28.546985626220703
579,193,193,187,232.5644481698038,26.977235794067383
580,193,193,186,227.92255186647245,27.81507110595703
581,193,196,181,269.3737018227218,31.83448028564453
582,194,194,153,166.31230577363954,19.844175338745117
583,194,194,857,36.66724517911478,4.359935760498047
584,194,194,824,245.97775413162833,30.46405029296875
585,195,195,332,238.10469882945597,27.97112274169922
586,195,195,232,255.70056043674657,29.376604080200195
587,195,284,741,268.3139366527067,30.73421859741211
588,196,169,169,254.95684630675842,31.091171264648438
589,196,197,386,229.45718065650334,27.543231964111328
590,196,196,197,240.05025172325833,26.78312873840332
591,197,199,265,229.25026810339781,27.433940887451172
592,197,197,611,260.80040279641554,30.933746337890625
593,197,198,196,229.42946982233974,27.61274528503418
594,198,200,216,249.51592051112266,28.509510040283203
595,198,198,267,112.71085298831812,12.859248161315918
596,198,198,233,97.38455240916998,11.573707580566406
597,199,199,226,230.32362584926395,27.289806365966797
598,199,199,283,244.57655932285232,29.294462203979492
599,199,199,410,126.54518447598113,14.368366241455078
600,200,200,175,262.69870748420107,30.99176788330078
601,200,200,155,231.43689190403927,25.700984954833984
602,200,200,152,109.66466876562689,12.125045776367188
603,201,193,193,242.99148812158285,28.57870864868164
604,201,201,170,238.5353274361659,27.929235458374023
605,201,201,184,246.24900799714268,28.61723518371582
606,202,202,184,231.49764377218938,27.050050735473633
607,202,202,194,233.5829267699459,26.809144973754883
608,202,202,678,245.75991294261217,28.52728843688965
609,203,153,265,264.04482878269414,36.43632507324219
610,203,203,279,245.78472069680433,26.43061637878418
611,203,203,192,241.31439833848,29.585229873657227
612,204,204,219,265.10130821194275,30.241025924682617
613,204,204,181,243.27658995449184,28.868816375732422
614,204,204,611,228.11709781458538,27.677560806274414
615,205,205,246,247.99989626298046,28.01779556274414
616,205,205,787,230.0187470095085,27.28544807434082
617,205,205,196,255.15880422756751,29.849685668945312
618,206,206,214,245.7293588543688,28.830604553222656
619,206,206,267,274.3688190064833,27.32801628112793
620,206,206,533,264.79180372766234,30.97661018371582
621,207,257,257,284.8016555435209,29.80750274658203
622,207,207,611,227.1014161818256,27.894487380981445
623,207,207,176,250.99705289708237,26.66436767578125
624,208,208,564,244.292768013213,28.84239387512207
625,208,208,254,256.3688714178733,27.55796241760254
626,208,208,772,218.86931604075963,26.773813247680664
627,209,209,161,244.12792221588387,29.18846321105957
628,209,209,169,242.13279539167218,29.198192596435547
629,209,209,76,298.1731881543932,50.14291763305664
630,210,210,850,262.68502573874247,36.45332717895508
631,210,210,611,150.44762000953287,17.420806884765625
632,210,210,212,237.66321474805068,24.006412506103516
