0,0,0,491,169.7557481338567,18.623239517211914
1,0,0,389,117.95631287324564,13.151718139648438
2,0,0,391,281.4058576809969,32.39786911010742
3,1,1,212,295.61491814574885,36.25426483154297
4,1,1,51,264.56414064061147,30.745359420776367
5,1,1,84,279.4621784909598,31.93148422241211
6,2,2,47,281.4235389361361,32.40326690673828
7,2,2,801,279.20315108314605,32.6131706237793
8,2,2,4,263.51856623970195,31.068262100219727
9,3,2,2,254.51076540285285,28.906766891479492
10,3,3,2,260.8666528944343,30.467824935913086
11,3,3,107,284.7432954106898,33.3719367980957
12,4,4,2,285.2699504870625,33.497161865234375
13,4,4,65,301.2995270453539,45.72060012817383
14,4,4,109,336.6675576669203,59.37412643432617
15,5,5,611,293.0331157867617,39.65616989135742
16,5,5,611,173.8758245401159,20.12815284729004
17,5,5,996,46.08686922919779,5.296403884887695
18,6,6,5,264.20645786528377,30.698009490966797
19,6,6,669,277.64335619841916,32.02301788330078
20,6,6,5,278.76406788915864,32.78163146972656
21,7,8,8,265.2749181532033,30.615264892578125
22,7,7,256,314.9832486457914,35.175025939941406
23,7,7,8,285.4379667422512,32.085567474365234
24,8,8,7,276.6626488715603,31.486268997192383
25,8,7,212,248.85058894845596,27.418638229370117
26,8,8,51,281.0489953305596,32.13685989379883
27,9,9,128,297.4632920688537,34.147804260253906
28,9,9,679,307.3569324917098,33.3285026550293
29,9,9,383,261.8035416122941,30.56675910949707
30,10,10,48,185.44912914757387,21.34227752685547
31,10,10,99,273.8433659280706,31.614425659179688
32,10,10,489,264.34752504138345,30.78758430480957
33,11,11,815,280.1859461770448,30.766874313354492
34,11,11,307,278.7918608510733,32.46421813964844
35,11,11,50,290.24113020762894,33.64512634277344
36,12,12,10,271.1992477063101,30.07218360900879
37,12,12,94,274.33475856387486,31.654010772705078
38,12,12,82,307.15881087367785,36.99186325073242
39,13,13,20,274.1317778611566,31.19813346862793
40,13,13,8,250.79087374853916,29.477895736694336
41,13,13,123,300.3207302158213,34.963356018066406
42,14,14,303,296.6481484638599,34.3879508972168
43,14,14,84,304.4158408874798,38.55537414550781
44,14,14,546,195.2134544123105,22.180566787719727
45,15,15,10,279.31478887494785,30.958303451538086
46,15,15,328,275.689367781264,31.41524887084961
47,15,15,304,287.1323794147857,33.624210357666016
48,16,16,56,291.6164132867976,33.0533561706543
49,16,16,91,296.279007457328,34.796905517578125
50,16,16,765,264.31122099548395,29.479251861572266
51,17,17,306,278.21987971353036,31.945791244506836
52,17,17,85,269.5247811515233,31.488983154296875
53,17,17,669,295.16791075767844,34.87483215332031
54,18,18,82,264.07228781133966,30.6709041595459
55,18,18,143,280.51119863145806,32.23735046386719
56,18,18,58,279.8239802856386,32.24877166748047
57,19,19,84,289.55840393236053,31.397056579589844
58,19,19,850,282.54606598182994,32.04164123535156
59,19,19,84,246.80975467132052,28.64793586730957
60,20,20,81,337.9719816051228,32.663352966308594
61,20,13,13,296.3655943228371,34.85622787475586
62,20,20,85,306.8678802347472,43.47848129272461
63,21,21,94,281.4973663650145,28.189760208129883
64,21,18,18,302.1384089766857,37.14395523071289
65,21,22,22,264.5168948859638,30.807342529296875
66,22,22,21,261.45685956436523,28.220232009887695
67,22,815,313,276.1605269584396,32.160579681396484
68,22,23,21,269.95269226067563,29.047983169555664
69,23,23,7,265.8420339933632,30.4390869140625
70,23,23,390,269.9916622486483,31.406085968017578
71,23,127,129,253.42804556173877,27.149394989013672
72,24,24,48,279.43889028692985,31.903472900390625
73,24,24,850,302.8858902473613,39.52129364013672
74,24,24,187,260.7199778670292,30.44024085998535
75,25,119,39,276.862010917618,30.233007431030273
76,25,25,28,277.4750086935248,31.929296493530273
77,25,25,515,292.71263829580414,33.43827438354492
78,26,26,394,220.68996465255424,25.415225982666016
79,26,26,25,284.6254487984864,31.97870635986328
80,26,26,971,256.2511804751596,30.7165470123291
81,27,27,26,259.7497955822731,30.4927978515625
82,27,27,76,279.8001118227086,31.495521545410156
83,27,27,327,281.1030493949631,31.90470314025879
84,28,28,25,289.92219031655526,36.32099533081055
85,28,28,26,138.03550208986326,15.570690155029297
86,28,25,25,249.15311170555975,26.737857818603516
87,29,29,364,297.7789872163316,36.680023193359375
88,29,29,794,304.0090819657625,34.814300537109375
89,29,29,109,281.422475975159,32.33221435546875
90,30,30,32,267.3259234236562,30.036584854125977
91,30,30,32,281.8886015750904,30.17881965637207
92,30,30,307,279.24689605846396,32.40011215209961
93,31,31,58,250.72886727191982,29.488656997680664
94,31,119,109,293.8397612458453,43.411163330078125
95,31,31,708,291.131258664694,35.42943572998047
96,32,42,39,294.03291280773016,34.860626220703125
97,32,30,30,179.38800512283467,20.75440788269043
98,32,32,318,294.1001303743578,36.228546142578125
99,33,34,109,263.68820860663845,30.969890594482422
100,33,880,703,277.7229101721316,31.10908317565918
101,33,33,599,280.7335510195734,32.381961822509766
102,34,34,50,307.6690985703449,76.46622467041016
103,34,33,2,278.47236185553203,32.734153747558594
104,34,34,36,279.82956523433535,32.295169830322266
105,35,35,788,263.63093489504666,31.006681442260742
106,35,37,37,264.17616206913664,30.538238525390625
107,35,35,36,309.5578670150781,39.798057556152344
108,36,36,640,264.4572786531152,29.750102996826172
109,36,33,125,306.1062881767992,35.40127944946289
110,36,34,34,182.36021400412233,20.8133544921875
111,37,37,36,285.2266727676127,32.42256546020508
112,37,37,36,259.27957720292665,28.013866424560547
113,37,37,113,261.87601654922383,30.245864868164062
114,38,38,45,172.61241422665165,19.4934024810791
115,38,38,904,304.8502129456481,36.1317253112793
116,38,38,772,255.42983348922363,27.482648849487305
117,39,39,61,267.117556753623,30.13833999633789
118,39,39,44,277.86209907263697,32.13456726074219
119,39,39,48,279.74518730599084,32.06974792480469
120,40,40,46,299.0199470514908,36.45335006713867
121,40,40,46,278.97569152386353,32.749725341796875
122,40,40,46,263.8355328247019,29.542877197265625
123,41,41,58,224.8743997755704,25.36662483215332
124,41,41,971,294.2285520558901,38.529258728027344
125,41,41,44,281.4620924966252,33.50947952270508
126,42,42,48,261.370465095573,30.630630493164062
127,42,42,489,267.5252690346272,29.180572509765625
128,42,42,46,293.9374595888634,30.389141082763672
129,43,43,337,48.93915105720685,5.5749831199646
130,43,61,61,264.66080317911104,30.49380111694336
131,43,43,32,288.86363812264904,32.77686309814453
132,44,44,38,304.34029086270255,36.912269592285156
133,44,44,56,281.5192846834512,31.63997459411621
134,44,44,66,264.3613296171733,30.607206344604492
135,45,45,303,259.08951705469735,29.370309829711914
136,45,45,329,264.6505231586105,30.22245216369629
137,45,45,79,280.9479606530624,32.01215362548828
138,46,46,64,253.19310482409205,29.69756317138672
139,46,46,309,264.7796678442828,30.202184677124023
140,46,46,84,296.9127539444839,33.663272857666016
141,47,47,46,281.4364513917309,33.71317672729492
142,47,31,30,305.5646177605475,35.9742317199707
143,47,46,46,271.2326398517355,31.26521873474121
144,48,48,898,279.39739061369744,31.876399993896484
145,48,48,679,263.8931058810167,30.80901336669922
146,48,48,815,276.5524968838098,32.110198974609375
147,49,977,109,264.7877268731389,30.502399444580078
148,49,49,50,263.1704068551869,30.747968673706055
149,49,49,791,264.58433864460875,30.751850128173828
150,50,50,748,275.0567251200056,31.533491134643555
151,50,50,48,282.2606778454322,31.686904907226562
152,50,50,538,280.5226852321573,32.23114013671875
153,51,51,205,66.3357087114642,7.038880825042725
154,51,51,791,278.7198702700921,32.06956481933594
155,51,51,56,272.71012818268684,30.918548583984375
156,52,52,33,280.11781529854164,32.487735748291016
157,52,53,53,264.2903621374325,30.110271453857422
158,52,52,67,281.2940549988343,32.07857894897461
159,53,53,60,264.69293069124143,30.388017654418945
160,53,53,67,307.7174637880311,36.17347717285156
161,53,53,816,522.8068520113769,61.26386642456055
162,54,54,327,342.81908311703273,40.181819915771484
163,54,54,362,250.9545609818783,29.32151222229004
164,54,54,61,262.602681869399,30.550029754638672
165,55,55,64,305.60430903451106,35.615535736083984
166,55,55,46,352.41926255283903,99.18453979492188
167,55,55,64,264.11933956338834,30.904930114746094
168,56,56,65,280.76650586267033,32.02591323852539
169,56,56,61,283.92452008124644,31.716476440429688
170,56,56,748,248.95814246706698,28.941564559936523
171,57,57,52,300.08980462355356,36.94655227661133
172,57,57,51,268.26355546754365,30.322917938232422
173,57,57,464,292.94065371651493,33.85751724243164
174,58,44,41,241.04711336620989,28.177427291870117
175,58,58,48,287.89062238217747,33.65488815307617
176,58,58,84,294.34511964222787,39.31834411621094
177,59,59,46,263.49107839682523,30.734661102294922
178,59,55,64,268.89632826250886,31.614944458007812
179,59,55,55,229.12036520456297,26.640087127685547
180,60,60,293,262.8905540238071,30.331443786621094
181,60,60,327,263.7027941068622,30.934186935424805
182,60,60,390,277.0032013184615,32.27077865600586
183,61,61,109,264.35772123700866,30.324602127075195
184,61,61,341,281.42349280984945,32.188480377197266
185,61,528,731,281.2049734203924,31.488924026489258
186,62,62,73,91.20523167632868,10.444463729858398
187,62,62,60,94.22239650451607,10.78121280670166
188,62,62,54,90.1179699191723,10.321060180664062
189,63,63,48,302.0346963755064,35.20133972167969
190,63,63,50,261.4991999812647,30.0347957611084
191,63,63,804,249.0093648228397,28.37369155883789
192,64,55,40,265.3706077309713,30.282529830932617
193,64,64,55,266.3109603524376,31.026853561401367
194,64,55,59,266.44123259356627,31.135921478271484
195,65,65,60,281.10582192022883,31.267345428466797
196,65,65,913,273.6901303493485,31.244497299194336
197,65,983,983,306.97450222406206,36.9600944519043
198,66,66,120,277.5714842489064,31.643999099731445
199,66,68,57,106.80855449182383,11.892338752746582
200,66,68,307,287.98917742826666,34.17488098144531
201,67,54,329,252.81571933344333,28.63261604309082
202,67,68,66,304.7382291793037,36.34699630737305
203,67,67,987,276.76558299434004,31.309934616088867
204,68,66,67,298.8560986257855,35.566532135009766
205,68,68,32,100.39840131207794,11.332677841186523
206,68,68,67,282.21000581266554,31.840429306030273
207,69,69,787,274.00680652123077,30.88239097595215
208,69,69,126,222.12344903372437,24.95622444152832
209,69,69,774,294.23004421977646,32.99897766113281
210,70,70,397,267.44066563177125,30.83077049255371
211,70,70,304,277.43600902661655,32.67659378051758
212,70,70,312,225.09214318980767,25.66316795349121
213,71,303,313,266.16448999000824,29.893789291381836
214,71,71,134,247.53081593899302,27.046279907226562
215,71,71,328,282.4609049729913,31.96324348449707
216,72,72,74,264.1336687498119,30.866788864135742
217,72,72,74,276.97455134809326,31.4515323638916
218,72,72,74,266.24291876134356,29.822362899780273
219,73,75,75,217.75567217519728,24.94140625
220,73,73,805,251.68549880384236,29.096391677856445
221,73,77,77,307.82065264436864,32.932838439941406
222,74,72,308,274.3090574682096,30.884374618530273
223,74,74,73,281.4421707907046,33.16291046142578
224,74,815,815,301.49952194446206,34.191036224365234
225,75,75,489,280.58401656455595,32.23953628540039
226,75,75,74,279.1674277136131,32.45859909057617
227,75,75,679,301.38644878629947,33.394378662109375
228,76,76,24,277.41194248359676,32.35445022583008
229,76,50,490,283.585593844016,31.742040634155273
230,76,76,107,280.86532605390363,31.869245529174805
231,77,77,815,265.91411670891273,30.899391174316406
232,77,77,344,283.1049374637515,30.97211456298828
233,77,77,74,284.26466981143665,33.06475067138672
234,78,78,73,176.98831286771417,18.26814842224121
235,78,78,815,315.6246877329848,35.089351654052734
236,78,677,48,276.17808087688866,32.03770446777344
237,79,79,679,279.245441790754,32.385101318359375
238,79,79,78,282.6442095906232,31.359800338745117
239,79,79,875,269.41377250324757,34.797607421875
240,80,80,353,294.4281525442458,38.367000579833984
241,80,82,39,191.37123261777165,21.212650299072266
242,80,80,8,141.31264810705457,15.847594261169434
243,81,81,8,291.6032140737775,33.653446197509766
244,81,81,835,322.4481620054276,33.04974365234375
245,81,81,85,263.5321297992889,30.332735061645508
246,82,82,81,295.1885703413689,34.36371612548828
247,82,86,81,267.2745191972878,29.89731216430664
248,82,37,37,268.57669071794265,29.0092830657959
249,83,83,82,310.47667623380636,39.30184555053711
250,83,83,15,277.99822571060764,32.74201202392578
251,83,83,83,265.1660811859574,30.607608795166016
252,84,84,971,265.54740325653955,30.15233039855957
253,84,84,328,253.66337124975513,29.320486068725586
254,84,84,84,259.7706700116733,29.95487403869629
255,85,85,76,279.6734033288316,32.42579650878906
256,85,81,81,280.39151948635197,32.148712158203125
257,85,85,23,302.8014724489527,35.092411041259766
258,86,86,738,280.03275002167237,32.14975357055664
259,86,86,824,278.02433587644254,32.60787582397461
260,86,86,78,268.98980440245083,26.99345588684082
261,87,489,489,261.99884930470483,30.238296508789062
262,87,87,84,284.0857991133926,31.566200256347656
263,87,87,51,271.3223408579938,31.898794174194336
264,88,88,42,263.9420829271389,30.378175735473633
265,88,88,319,265.7059994076002,29.807783126831055
266,88,88,90,267.5462811369098,31.404542922973633
267,89,89,328,264.3379114970523,30.78255271911621
268,89,89,772,282.34166000431804,32.699310302734375
269,89,89,127,266.06730371558183,29.95924949645996
270,90,90,387,279.7378448807803,32.40754699707031
271,90,88,552,277.4318154167315,32.26986312866211
272,90,90,124,274.9046820873862,31.01870346069336
273,91,16,85,282.76913666107123,31.703744888305664
274,91,91,58,266.0261291391941,30.111316680908203
275,91,91,84,267.9567979784943,31.47998046875
276,92,92,783,258.02497798639,29.899044036865234
277,92,92,42,270.60378011338264,30.312341690063477
278,92,92,777,290.01210930841177,32.7315559387207
279,93,93,96,280.94384541948193,32.36095428466797
280,93,93,51,264.1365521071845,30.863740921020508
281,93,93,96,265.08105727559655,29.69898796081543
282,94,94,883,281.0316445196773,31.884672164916992
283,94,94,30,302.9767192932067,35.89458465576172
284,94,94,327,271.24268741908645,31.018918991088867
285,95,95,94,263.4649522992691,30.930696487426758
286,95,95,16,276.6613914601349,32.0161018371582
287,95,95,94,265.3522693828515,30.591508865356445
288,96,96,381,325.5005278001962,60.58946228027344
289,96,96,850,279.94348016562026,31.66876792907715
290,96,96,56,263.5712848724817,30.62522315979004
291,97,97,78,279.44172294558194,32.668582916259766
292,97,142,142,273.3616650832321,31.763843536376953
293,97,144,144,261.0704042180705,30.61069107055664
294,98,98,97,179.65920257753652,20.29046630859375
295,98,98,100,263.6428153511066,30.861961364746094
296,98,98,97,279.4813334202629,32.6069450378418
297,99,99,50,275.59794865057444,31.0216064453125
298,99,99,51,272.5407735160036,31.27109146118164
299,99,99,97,278.51231030106686,31.719482421875
300,100,100,36,278.9742841696494,32.58325958251953
301,100,100,143,262.99312258936754,30.337261199951172
302,100,100,411,263.6451479112685,30.796852111816406
303,101,101,385,263.79185630113255,30.982471466064453
304,101,101,386,263.4896484953358,30.645885467529297
305,101,101,815,279.8985737808379,31.901395797729492
306,102,102,791,294.04980124205815,35.475894927978516
307,102,102,334,279.443293457231,32.59162902832031
308,102,102,396,280.9358595465438,32.28142166137695
309,103,103,269,130.71685397605214,15.117364883422852
310,103,103,249,75.34506408312295,8.75406265258789
311,103,103,286,197.37461648567768,22.455923080444336
312,104,104,285,279.17468018122656,32.6093635559082
313,104,104,700,270.9403893437235,29.71150016784668
314,104,104,39,280.5750219966963,31.835445404052734
315,105,105,262,301.39407423322075,35.19363021850586
316,105,105,39,277.4606362853992,31.650331497192383
317,105,105,973,280.76909928877757,32.146671295166016
318,106,106,278,279.6329279227663,32.3861198425293
319,106,106,611,281.81212390442306,31.712547302246094
320,106,106,341,301.17299852962594,33.15815353393555
321,107,107,818,259.08364896218535,29.4512939453125
322,107,107,577,279.9591565776996,32.20335006713867
323,107,107,364,251.85359039833313,29.649120330810547
324,108,108,328,263.3771725199753,30.243938446044922
325,108,108,328,281.907986938391,32.683475494384766
326,108,991,991,259.61915774551125,30.027755737304688
327,109,109,973,318.7401830325827,43.90693664550781
328,109,109,327,291.9180221189328,33.06768035888672
329,109,109,327,273.15849094056057,31.510427474975586
330,110,115,115,310.08762163431965,35.33049011230469
331,110,110,434,277.1073103370355,31.96718978881836
332,110,110,115,301.3022513005454,36.03886795043945
333,111,488,488,277.06533857242994,30.38944435119629
334,111,111,260,253.05748131622025,26.02366828918457
335,111,78,679,235.7841370262448,26.46357536315918
336,112,112,109,271.2254119125943,29.421695709228516
337,112,994,396,265.4439010974955,30.094093322753906
338,112,112,199,238.57557391692404,27.652250289916992
339,113,113,824,266.8947958382627,30.109142303466797
340,113,113,650,264.00280554469475,30.62770652770996
341,113,988,988,270.39245070544746,31.378332138061523
342,114,114,868,304.5398867877186,35.96132278442383
343,114,114,47,274.19108599352603,31.514108657836914
344,114,114,763,280.2164552721587,32.08073806762695
345,115,115,109,281.61529621079,32.18951416015625
346,115,115,110,273.86068316838146,31.546340942382812
347,115,115,110,281.85889635007453,31.013118743896484
348,116,116,79,251.62776727510976,29.131689071655273
349,116,116,113,262.75392921127104,30.067758560180664
350,116,116,108,269.8533922687307,31.306947708129883
351,117,117,396,262.48189282918594,30.405359268188477
352,117,117,397,196.46818530411878,21.903432846069336
353,117,117,658,520.3490941322954,55.96352767944336
354,118,118,577,182.17057996265936,20.14019012451172
355,118,118,721,263.92080125849355,30.76770782470703
356,118,118,489,265.09454032370746,30.292837142944336
357,119,119,327,266.6367293087876,30.11223030090332
358,119,119,489,279.0580401718193,32.65672302246094
359,119,419,327,267.597442110957,30.243074417114258
360,120,120,90,303.43727515232234,36.99594497680664
361,120,120,84,263.6205869385044,30.848535537719727
362,120,119,327,321.542947604373,59.18142318725586
363,121,121,464,277.63553508024813,31.35112762451172
364,121,121,84,260.4732958698817,30.41119956970215
365,121,121,420,282.3885658558166,32.72308349609375
366,122,122,60,232.32891379543253,25.40456771850586
367,122,122,909,300.0489029500636,34.14552307128906
368,122,122,124,193.53537474333066,20.716201782226562
369,123,123,815,270.1733464209224,31.249500274658203
370,123,123,973,279.8745430663336,32.28560256958008
371,123,123,524,258.9609941465545,29.797988891601562
372,124,124,721,281.0075221029356,31.851375579833984
373,124,125,125,283.92462953929197,31.46033477783203
374,124,124,611,280.2987864173714,32.37880325317383
375,125,125,318,268.87880356774264,29.695096969604492
376,125,125,310,282.9543621394652,31.661420822143555
377,125,125,124,278.08006662775733,31.90678596496582
378,126,126,636,233.47969111432465,26.789630889892578
379,126,126,363,204.57120946849693,23.620561599731445
380,126,126,77,266.3092563740404,30.401124954223633
381,127,127,135,264.37217165738576,30.434370040893555
382,127,127,144,293.11157481756095,36.79625701904297
383,127,127,128,279.9585546531729,32.431785583496094
384,128,128,127,251.32291765430477,29.35807991027832
385,128,128,127,266.57114796004953,30.1798095703125
386,128,128,127,258.81796971797917,29.940637588500977
387,129,132,132,259.37758130132875,29.979421615600586
388,129,129,132,275.5869869880488,31.157188415527344
389,129,132,212,263.85585484569367,30.6175537109375
390,130,130,655,231.07616501853929,27.110931396484375
391,130,130,129,279.5219005267474,32.077152252197266
392,130,130,144,278.41053492891035,31.881118774414062
393,131,131,489,277.7033155854691,32.33905792236328
394,131,131,135,262.1936630871855,30.725650787353516
395,131,23,23,267.9905197525442,30.45223045349121
396,132,132,113,279.09341959100607,32.219322204589844
397,132,132,134,271.7225079432187,28.830183029174805
398,132,132,128,298.41385080559456,40.23616409301758
399,133,133,81,264.3705828843329,30.66572380065918
400,133,133,695,262.96004913593686,30.298351287841797
401,133,133,62,263.2994797936353,30.69024658203125
402,134,134,99,293.10188890034294,34.43385696411133
403,134,134,904,295.7336777687298,34.5311164855957
404,134,134,99,307.79009784867077,35.019046783447266
405,135,135,86,277.7205663266538,31.777362823486328
406,135,135,138,263.7123644252962,30.991674423217773
407,135,135,142,273.41720761191135,29.156768798828125
408,136,136,124,273.0339809701941,29.740703582763672
409,136,136,8,264.29064857884,30.77088165283203
410,136,136,84,281.8756073816263,31.368581771850586
411,137,137,80,265.0139952456892,30.43509292602539
412,137,137,851,261.09298491113753,30.375566482543945
413,137,137,611,295.88730060666853,34.67525100708008
414,138,138,84,263.8857366856166,30.851688385009766
415,138,138,128,263.43891497078323,31.047582626342773
416,138,138,364,265.0213911418761,30.658119201660156
417,139,139,141,269.2739143548735,31.025409698486328
418,139,139,141,270.66848448550377,29.938459396362305
419,139,141,36,283.0961160020923,31.507949829101562
420,140,140,142,282.6448751625472,31.696805953979492
421,140,140,99,280.9724431627758,32.0870361328125
422,140,140,50,264.9048121644735,30.73679542541504
423,141,141,30,278.9697467398914,32.845481872558594
424,141,98,97,272.85549766992756,32.068817138671875
425,141,141,721,261.9333720447678,30.476545333862305
426,142,142,79,265.00593204731024,30.55036735534668
427,142,142,97,263.3365994119008,30.964553833007812
428,142,142,84,286.45920698939983,32.929325103759766
429,143,143,142,275.7532213345596,32.44314956665039
430,143,139,71,282.8952660478756,30.455974578857422
431,143,143,256,282.0713600239838,30.94125747680664
432,144,144,36,278.93080352345993,32.86878967285156
433,144,144,9,286.5675690989868,32.51535415649414
434,144,144,821,279.3549701530381,32.3437614440918
435,145,145,319,281.2057620613749,32.187870025634766
436,145,145,99,264.4788188996451,30.670719146728516
437,145,145,391,254.92305437662813,29.62063217163086
438,146,100,327,291.01180366105,33.89006423950195
439,146,146,309,313.47765786233214,34.66925048828125
440,146,146,99,276.05074233264963,32.29362869262695
441,147,147,148,80.62796304227868,9.142370223999023
442,147,147,61,271.93880529370057,31.334856033325195
443,147,147,669,264.147869767427,30.208295822143555
444,148,148,344,119.0312169252914,13.737399101257324
445,148,148,78,278.9700901011903,32.5672492980957
446,148,148,815,264.3322494034737,30.675704956054688
447,149,149,362,147.7717666971721,16.705991744995117
448,149,149,296,263.375713730519,30.57588768005371
449,149,149,109,278.75784639000096,32.79555892944336
450,150,150,232,297.8503072810996,35.050689697265625
451,150,983,109,269.0014131229935,30.474273681640625
452,150,150,71,262.3136561859759,30.60172462463379
453,151,253,264,286.24777714865337,33.279449462890625
454,151,151,611,287.1872568947512,31.315933227539062
455,151,264,791,304.96077877720717,35.60556411743164
456,152,228,228,37.47135179221189,4.250339031219482
457,152,152,385,70.53677907492016,8.135124206542969
458,152,156,156,109.50642722935571,12.291207313537598
459,153,153,284,272.58476230701245,29.51479721069336
460,153,153,204,281.8493004007807,31.799251556396484
461,153,153,191,270.7878300390071,30.06645965576172
462,154,265,184,265.03663313618154,29.969533920288086
463,154,154,213,281.8736927091043,31.08868408203125
464,154,154,261,277.12908115629557,31.55168914794922
465,155,155,154,278.90558834788817,32.50320816040039
466,155,155,203,283.0523749279763,31.552698135375977
467,155,155,219,289.4577106362762,29.98622703552246
468,156,156,218,263.64779561302356,30.414491653442383
469,156,156,154,290.598617471299,34.11737823486328
470,156,156,215,280.21853743362846,33.29645538330078
471,157,157,259,236.87442574950137,25.837345123291016
472,157,157,155,264.89416023554605,30.55036735534668
473,157,157,231,283.88451173316065,30.389230728149414
474,158,158,151,280.94410310281836,32.4304084777832
475,158,158,253,307.20305230324874,34.81135940551758
476,158,245,242,264.07776829463893,31.311792373657227
477,159,159,76,198.0293198966556,22.642532348632812
478,159,274,274,281.67153185069577,31.558246612548828
479,159,211,209,267.0850588589038,29.712358474731445
480,160,160,611,270.72034721000756,31.379253387451172
481,160,160,276,144.01963990535728,16.357728958129883
482,160,160,354,285.8772102248438,32.413883209228516
483,161,161,264,267.3871396908248,31.27960968017578
484,161,161,253,190.87902277145292,21.002105712890625
485,161,161,218,283.8652451125997,31.64847183227539
486,162,180,48,281.07511761598573,32.074283599853516
487,162,162,253,301.56857534488313,34.500831604003906
488,162,162,218,262.2446640293254,30.14657974243164
489,163,207,186,142.81005978654824,16.166086196899414
490,163,163,514,227.9217065185456,26.122987747192383
491,163,163,211,133.45929401197296,15.268524169921875
492,164,166,218,264.2587835653157,30.6877384185791
493,164,164,214,266.52571206561214,30.11543083190918
494,164,164,191,271.0647100337175,27.860883712768555
495,165,234,260,305.79615889488804,35.01067352294922
496,165,234,234,246.42747990663165,28.318668365478516
497,165,236,236,297.61074338780526,36.824363708496094
498,166,729,901,32.308827794592865,3.66770601272583
499,166,161,611,199.18140991255083,22.99436378479004
500,166,166,151,211.97354952532774,23.71323013305664
501,167,167,169,89.03408712503612,10.244026184082031
502,167,166,614,264.4882623399161,30.087186813354492
503,167,167,188,103.07925925992748,11.558393478393555
504,168,168,580,282.4484476324172,30.18844985961914
505,168,225,271,267.45117872014566,31.15137481689453
506,168,242,155,279.41733046070914,32.26045227050781
507,169,169,231,307.9927532682011,34.63499069213867
508,169,169,171,263.96926558245775,30.7719669342041
509,169,169,222,143.38286469114624,16.289623260498047
510,170,177,177,255.51321879630962,28.59476089477539
511,170,170,202,263.21605285629596,30.483123779296875
512,170,170,267,236.65992369378037,27.173995971679688
513,171,171,267,281.36600815138485,32.18303680419922
514,171,166,162,278.8768325957484,31.719886779785156
515,171,171,611,278.5938594177133,32.690311431884766
516,172,172,173,266.013952563162,30.49081039428711
517,172,176,291,269.3590021701783,30.676992416381836
518,172,171,872,276.8235915712341,32.16530990600586
519,173,173,215,282.51278060716805,32.90010070800781
520,173,173,341,282.21185070601183,31.83877944946289
521,173,173,171,265.21883805778435,30.359262466430664
522,174,174,273,282.4736049151354,31.83241081237793
523,174,174,870,136.30608078060865,15.803316116333008
524,174,174,76,199.71139071666352,22.194822311401367
525,175,184,274,295.65084585141665,36.10017776489258
526,175,175,226,107.12049768126344,12.023022651672363
527,175,175,226,59.24722786713386,6.693796157836914
528,176,176,646,280.63319547297164,32.414955139160156
529,176,176,189,265.0663126972821,30.797447204589844
530,176,176,178,154.9249556158415,17.041101455688477
531,177,177,341,305.8879599345919,37.71199035644531
532,177,9,328,279.04010497588985,32.68646240234375
533,177,177,182,296.687152407894,35.82133865356445
534,178,385,386,279.0607911233065,31.61261749267578
535,178,178,388,278.7633730816568,32.37898254394531
536,178,209,191,265.222668889028,30.330904006958008
537,179,227,879,279.8557584501971,32.30488586425781
538,179,179,232,287.0971640658661,33.20965576171875
539,179,179,180,293.8171203846685,33.58506393432617
540,180,223,199,282.44281892287097,31.911481857299805
541,180,180,245,230.524875219808,25.921737670898438
542,180,179,109,263.60077441091823,31.00703239440918
543,181,181,343,305.6495082919055,41.22980499267578
544,181,181,562,316.8696597880519,34.55463409423828
545,181,189,189,273.3963728249569,31.628204345703125
546,182,170,170,202.64568352427526,23.06092071533203
547,182,254,365,283.24544198508795,31.45850372314453
548,182,182,546,264.91541160732055,29.7595157623291
549,183,183,197,255.73425145412764,29.294189453125
550,183,183,192,377.83078519152497,78.694091796875
551,183,183,492,199.56700064696332,21.828771591186523
552,184,184,850,280.40599348715955,32.20745086669922
553,184,184,51,278.3236539616543,32.58076477050781
554,184,184,193,277.69857871742295,31.276168823242188
555,185,203,284,263.48827086769927,30.974750518798828
556,185,185,186,136.48795301736857,15.436184883117676
557,185,189,189,275.63004941576247,31.529708862304688
558,186,186,192,278.43794016340615,31.900588989257812
559,186,187,187,264.92875003979236,30.44889259338379
560,186,186,184,263.4880688332093,30.351152420043945
561,187,201,201,306.13040115309843,35.328521728515625
562,187,187,199,265.2596537408909,30.57897186279297
563,187,7,865,306.89118121256837,35.451297760009766
564,188,198,198,117.5652912359949,13.381237983703613
565,188,188,217,131.9942526198278,14.642951011657715
566,188,188,386,295.6137885706792,44.750675201416016
567,189,189,191,167.63113662547838,18.430418014526367
568,189,203,203,160.2759790173897,18.095630645751953
569,189,189,209,275.219717382057,30.870609283447266
570,190,190,188,72.02083932321672,7.855070114135742
571,190,222,697,188.86294420291722,20.62061309814453
572,190,190,341,279.1626966462484,32.16930389404297
573,191,191,284,279.5415311692749,32.5122184753418
574,191,193,193,265.5707180497361,29.772092819213867
575,191,191,327,281.1799259763215,32.29438018798828
576,192,192,182,283.59374620447335,31.79914665222168
577,192,192,203,273.64485295689695,32.25628662109375
578,192,192,764,276.56232687558503,31.155441284179688
579,193,187,186,265.11507615471237,29.948511123657227
580,193,193,186,262.88183763977344,30.81083869934082
581,193,198,198,308.0100257262698,35.3177490234375
582,194,194,153,192.1917467527723,22.071741104125977
583,194,194,190,41.31018979930056,4.801416397094727
584,194,266,611,282.4564652099962,33.583709716796875
585,195,195,245,272.46436755660926,31.02764892578125
586,195,245,338,292.073256512758,32.702693939208984
587,195,750,999,304.80846313367937,34.10960006713867
588,196,217,217,290.9845779395644,34.31425857543945
589,196,366,366,257.6263842531272,29.96750831604004
590,196,196,763,260.0700091702161,28.72930908203125
591,197,197,266,263.03456112082864,30.371896743774414
592,197,197,157,296.95439905805114,34.19047927856445
593,197,198,196,262.2302600084761,30.437515258789062
594,198,197,385,279.6731224641041,31.27754783630371
595,198,197,206,128.72644620791417,14.382739067077637
596,198,196,265,112.40653606389255,12.883649826049805
597,199,199,208,264.1216997971658,30.300540924072266
598,199,199,154,275.85317217960085,31.97254180908203
599,199,580,595,141.22767353492253,15.71158504486084
600,200,200,175,297.87708576951087,34.16592788696289
601,200,200,204,257.7293734357486,28.211811065673828
602,200,200,362,122.60513893755778,13.394552230834961
603,201,193,193,279.17024418953054,31.80414390563965
604,201,182,182,274.1007435922646,31.134611129760742
605,201,201,184,282.6378796760561,31.915752410888672
606,202,202,177,264.56829276621585,29.99759292602539
607,202,202,196,267.1796935252439,29.944259643554688
608,202,202,552,282.0947063299197,31.852933883666992
609,203,153,265,304.0703721191015,39.51858139038086
610,203,203,192,269.6039685298958,28.83395004272461
611,203,203,611,278.84337379389586,32.75575256347656
612,204,219,219,300.3975539653378,33.48679733276367
613,204,155,254,280.00204675874136,32.1412353515625
614,204,204,971,264.13308699135774,30.802520751953125
615,205,205,399,264.3481550678285,29.671009063720703
616,205,205,787,264.693119273954,30.362346649169922
617,205,197,192,293.14608007734955,33.253238677978516
618,206,206,58,280.5380550244978,31.961788177490234
619,206,267,265,269.5935026488635,27.05800437927246
620,206,850,679,292.01304284551276,33.43593978881836
621,207,207,257,315.2802000128493,32.97251510620117
622,207,207,211,261.53221734362387,30.770000457763672
623,207,207,257,284.43010273586043,30.047534942626953
624,208,234,884,276.21334444022017,31.70220947265625
625,208,208,151,286.70789278681355,30.563127517700195
626,208,208,348,251.77890345338486,29.603614807128906
627,209,209,904,279.74755729663366,32.246238708496094
628,209,209,193,279.21436477539856,32.386695861816406
629,209,209,76,328.93356275668003,52.115806579589844
630,210,210,580,298.0372827489532,39.145877838134766
631,210,210,207,172.50684437478355,19.457029342651367
632,210,210,562,252.05660090161416,25.68309783935547
633,211,211,260,117.3468617234729,13.357993125915527
634,211,211,845,280.6867578701182,32.04405212402344
635,211,562,815,264.70367755441146,30.61487579345703
636,212,205,256,139.5463872089365,15.753315925598145
637,212,212,203,273.91456253225795,31.913650512695312
638,212,212,161,293.5299960327745,33.61494445800781
639,213,213,222,299.6560084602603,36.638057708740234
640,213,213,220,292.8729587662031,33.363155364990234
641,213,213,243,279.3792704716517,33.05669403076172
642,214,214,208,201.32611111612266,22.88850975036621
643,214,214,234,264.97274382585334,30.452289581298828
644,214,214,212,294.02468080161276,35.95087814331055
645,215,215,219,286.8049006300141,32.8991813659668
646,215,215,217,243.73876257242097,28.62784767150879
647,215,215,219,280.23477096871983,31.66381072998047
648,216,216,219,250.58611866084382,28.215303421020508
649,216,216,215,268.2248188537905,28.471874237060547
650,216,216,81,288.6527358284175,33.5783576965332
651,217,217,750,246.5230535604491,28.345577239990234
652,217,217,444,273.45635846208324,31.015684127807617
653,217,215,215,279.27324310469686,32.4005012512207
654,218,218,215,280.4581059572622,31.462024688720703
655,218,218,215,204.89187183558965,21.966960906982422
656,218,219,219,281.0222263686156,31.765039443969727
657,219,219,215,280.00941394658673,32.38450622558594
658,219,219,260,281.0097822967013,31.5902156829834
659,219,160,476,282.95716938330116,31.64446258544922
660,220,205,205,271.72489751728466,31.433340072631836
661,220,220,213,267.7963672474746,30.78178596496582
662,220,205,205,265.89099626068014,30.279321670532227
663,221,206,199,287.66745997459356,34.68815231323242
664,221,267,881,376.03686692562064,58.340274810791016
665,221,221,180,327.5353059906055,81.61917114257812
666,222,222,216,211.31365995037626,23.203609466552734
667,222,222,155,231.649523798377,25.3846378326416
668,222,222,257,265.03121834407574,30.178382873535156
669,223,223,199,239.51554394274072,26.70391845703125
670,223,223,611,283.7453412065156,31.97884178161621
671,223,223,227,278.5748576849142,31.810720443725586
672,224,224,611,261.64387936040475,30.598913192749023
673,224,566,887,296.6579526410874,31.947153091430664
674,224,224,447,287.01098530605617,33.991119384765625
675,225,225,616,252.21351749341267,28.85331916809082
676,225,225,235,167.48940527838766,18.74699592590332
677,225,225,999,262.6521507112873,30.80410385131836
678,226,226,8,262.194644192082,30.037551879882812
679,226,179,48,264.33773480619084,30.937288284301758
680,226,197,199,257.17446429288685,29.95929718017578
681,227,225,151,279.16563329897986,32.483062744140625
682,227,227,234,280.19418263886496,31.869611740112305
683,227,227,237,284.2133107813872,32.80294418334961
684,228,228,99,296.6360770363805,33.964515686035156
685,228,228,229,152.4502596954357,15.535457611083984
686,228,228,200,203.81488627805766,22.463586807250977
687,229,229,388,279.8173980377366,31.52289390563965
688,229,229,341,321.2376938889913,35.45981216430664
689,229,229,203,196.39124730695144,21.615537643432617
690,230,230,253,280.3411449991176,31.66250228881836
691,230,230,231,282.7645540647641,31.749971389770508
692,230,231,231,277.38602824543995,32.414825439453125
693,231,231,230,280.09328543895884,32.04153060913086
694,231,232,232,266.2106919828937,30.332027435302734
695,231,232,217,279.66932387089037,32.61888122558594
696,232,232,169,264.90488295403304,30.584033966064453
697,232,152,155,237.32962263450452,27.09197998046875
698,232,156,156,262.0764289078482,28.79969596862793
699,233,233,205,286.8218374887986,31.51650619506836
700,233,233,219,277.7071493364777,30.553184509277344
701,233,233,135,279.0284708498079,32.60798263549805
702,234,234,236,271.83865968907463,30.636276245117188
703,234,234,236,300.58243831583906,35.38217544555664
704,234,237,237,279.3976994071241,32.254642486572266
705,235,225,616,263.6645987341123,30.863229751586914
706,235,235,274,295.8233171881257,34.305233001708984
707,235,174,261,318.11585428151886,48.12398147583008
708,236,236,151,219.14630701786817,25.12985610961914
709,236,237,151,256.3634920692944,29.885658264160156
710,236,234,244,234.16190441923965,26.29126739501953
711,237,237,591,279.69931037003573,32.38151550292969
712,237,523,420,279.4469891534172,32.135765075683594
713,237,237,273,280.1794773654746,32.08806228637695
714,238,238,164,278.75860253995603,32.49794387817383
715,238,195,643,282.0321930982474,32.17576217651367
716,238,238,264,287.4211281205408,31.09888458251953
717,239,239,238,279.0768995216926,31.93940544128418
718,239,230,580,276.64392605653734,31.82267189025879
719,239,240,240,278.85766278032406,31.531389236450195
720,240,236,236,264.3087524266456,30.600147247314453
721,240,240,241,112.54600979346687,12.817266464233398
722,240,240,199,241.05597225923486,27.62389373779297
723,241,241,158,61.95720242666303,7.12643575668335
724,241,240,240,263.8557507910421,30.44171905517578
725,241,241,239,224.4794663956556,25.557985305786133
726,242,242,358,275.02076858210006,32.04418182373047
727,242,242,231,217.2980774420334,24.489702224731445
728,242,199,199,291.8628246057183,33.08607864379883
729,243,242,611,266.09117971363327,30.325544357299805
730,243,243,390,277.624866775907,31.641096115112305
731,243,243,635,264.6015981801898,30.502485275268555
732,244,244,199,275.9571303823791,32.414947509765625
733,244,244,342,262.49091102539217,28.571088790893555
734,244,244,199,302.4216917455828,34.51298141479492
735,245,245,113,309.7176273632625,33.595863342285156
736,245,245,243,267.05448267329723,30.093442916870117
737,245,245,195,305.5917350664283,33.4073486328125
738,246,246,173,237.9022413158446,26.777360916137695
739,246,246,180,281.120184381817,32.28260803222656
740,246,246,262,68.10766990939923,7.782426357269287
741,247,247,212,278.7646501740513,32.37909698486328
742,247,247,264,288.87610677721284,32.955299377441406
743,247,247,151,279.7684241188549,32.447391510009766
744,248,249,249,288.4493085506351,33.65623474121094
745,248,250,249,243.2457467726002,27.48249053955078
746,248,250,249,267.90837026306394,30.569795608520508
747,249,249,259,296.77091267378006,32.6885871887207
748,249,249,284,262.0613518158978,29.747966766357422
749,249,249,250,266.3465255660204,30.3377628326416
750,250,249,260,257.48704400890256,30.17902374267578
751,250,250,249,273.63896156539556,31.72832489013672
752,250,248,258,305.0461430213074,35.86114501953125
753,251,251,180,281.17690954897853,30.95048713684082
754,251,251,212,206.11740495926225,23.508756637573242
755,251,251,246,268.26545256115463,30.51042366027832
756,252,252,223,250.8696174188884,27.59713363647461
757,252,252,154,270.67160884876046,28.832496643066406
758,252,252,439,84.44123796585768,9.615068435668945
759,253,253,217,325.9446495528287,72.47721099853516
760,253,253,180,306.57291575165885,36.32022476196289
761,253,264,264,273.0629352381539,31.5162353515625
762,254,254,245,275.308949003221,32.0540885925293
763,254,254,887,280.2665761995351,32.131675720214844
764,254,254,245,289.3070302431304,32.551822662353516
765,255,255,260,275.26659528913507,31.82623291015625
766,255,255,47,199.25513824973717,23.056428909301758
767,255,255,267,288.2638958466166,34.33307647705078
768,256,256,97,305.95657406830605,41.04119110107422
769,256,256,205,212.19458957819816,23.929092407226562
770,256,256,385,296.553723536362,37.42509460449219
771,257,257,162,237.33571235182268,27.218036651611328
772,257,222,296,221.94428870149085,24.64810562133789
773,257,257,258,261.4564325904078,30.137561798095703
774,258,876,562,281.14793018421756,31.49859046936035
775,258,258,270,264.6029354745247,30.380258560180664
776,258,258,279,277.79510628518454,29.976564407348633
777,259,259,259,286.6302028945459,31.18508529663086
778,259,259,260,209.1987463763459,24.176424026489258
779,259,259,327,265.323588763472,30.29854965209961
780,260,260,184,267.6571847686498,27.97115135192871
781,260,260,259,234.31925883984863,25.828964233398438
782,260,260,355,286.8821731270051,32.43916320800781
783,261,261,283,262.8600176044897,30.693607330322266
784,261,261,259,309.94178983092587,35.39892578125
785,261,261,196,277.688731350235,32.5167121887207
786,262,262,225,87.8379905854874,9.90151309967041
787,262,226,342,89.04482289279069,9.93181324005127
788,262,262,252,135.5373025955463,15.375264167785645
789,263,263,180,260.33329185679645,29.420385360717773
790,263,263,264,239.79908877239922,27.467967987060547
791,263,263,189,263.9876175461871,29.498001098632812
792,264,162,162,269.6681624972049,31.487560272216797
793,264,195,242,279.51175430262873,32.30889892578125
794,264,264,195,283.5703990148373,31.94165802001953
795,265,265,184,271.69942435692616,28.970205307006836
796,265,265,266,262.956915530283,29.720365524291992
797,265,267,267,330.14129756819585,59.2945556640625
798,266,221,82,269.14393822360654,27.592927932739258
799,266,267,385,284.58168078148213,32.3849983215332
800,266,265,539,304.7983435526902,35.71625518798828
801,267,267,188,272.01700709377883,30.629703521728516
802,267,267,175,275.1925316178946,31.460063934326172
803,267,221,197,257.20785057158577,27.037994384765625
804,268,268,193,305.52178006086405,36.35765075683594
805,268,268,227,309.0762234576357,38.05710983276367
806,268,268,195,308.7665446062731,35.299171447753906
807,269,272,278,279.89269032724513,32.416168212890625
808,269,269,51,294.21096951869197,35.21964645385742
809,269,247,247,275.3141246381506,30.465967178344727
810,270,270,258,167.98346000363298,19.033737182617188
811,270,270,279,265.5607478640728,30.295597076416016
812,270,279,279,87.67757979637679,9.821950912475586
813,271,271,232,181.78004894159523,20.518571853637695
814,271,280,280,199.72053584587533,22.337705612182617
815,271,271,277,48.737661267170104,5.649798393249512
816,272,272,51,266.16248217413295,29.80728530883789
817,272,272,249,297.18947516450504,32.255611419677734
818,272,272,611,283.04702959030726,32.985130310058594
819,273,273,364,276.62369394126097,30.49152946472168
820,273,273,184,296.7356988598085,35.23023986816406
821,273,270,272,94.8970125698786,10.722915649414062
822,274,274,287,264.6152546256995,30.59111785888672
823,274,274,278,245.43317432830477,28.203208923339844
824,274,274,611,281.9178136475274,32.74991989135742
825,275,275,385,323.3980687279528,39.08304977416992
826,275,275,181,281.50761947203625,32.07354736328125
827,275,275,580,144.66517268229515,16.353126525878906
828,276,276,741,259.80203784643135,30.644508361816406
829,276,276,275,308.8755948853603,36.18030548095703
830,276,276,81,279.08061145383056,32.73500442504883
831,277,277,271,142.79708257357635,16.34260368347168
832,277,277,76,280.2345068749122,33.5853271484375
833,277,271,345,65.96876179349756,7.5082106590271
834,278,278,271,289.43892732182667,33.216217041015625
835,278,278,271,267.0399817261472,29.99534034729004
836,278,277,646,269.5734031412945,29.520069122314453
837,279,294,294,279.323994751183,31.523784637451172
838,279,279,591,286.96635787161097,30.28310203552246
839,279,279,222,263.20226865752363,30.818586349487305
840,280,280,278,278.72862669848615,32.73938751220703
841,280,280,278,248.2826723996426,28.096654891967773
842,280,280,815,230.47472845182872,26.6240291595459
843,281,281,285,319.2496110866077,32.84395980834961
844,281,281,285,280.4185983163588,32.37184524536133
845,281,281,282,307.08903192475566,35.32942199707031
846,282,282,721,267.8383745244478,30.301054000854492
847,282,282,281,273.21160994301067,31.604541778564453
848,282,287,850,280.01506476126684,32.274253845214844
849,283,283,461,59.91061286525786,6.88791561126709
850,283,283,281,289.4413793720665,31.641277313232422
851,283,283,380,207.95784135033801,23.350189208984375
852,284,284,285,278.94203323453655,32.67106246948242
853,284,284,277,264.5498173658854,29.53900146484375
854,284,284,284,279.57586446237184,32.14419174194336
855,285,285,262,318.8983127464933,33.56149673461914
856,285,285,281,250.3611079404836,23.125913619995117
857,285,285,287,282.81845485831013,31.40331268310547
858,286,286,208,298.0767906791082,34.09465026855469
859,286,286,274,267.1320872288341,30.77907943725586
860,286,286,104,197.96945253132398,22.42983627319336
861,287,287,904,291.7162940949013,34.362735748291016
862,287,287,489,278.3396745651436,32.68281936645508
863,287,287,289,138.15530417154795,15.754240036010742
864,288,288,109,273.69984434850136,31.911293029785156
865,288,288,293,283.32243097010974,31.793943405151367
866,288,288,293,268.2356380122675,29.893936157226562
867,289,289,815,280.712056178081,32.06525421142578
868,289,289,290,282.82866798732846,31.603641510009766
869,289,289,293,279.4735183979873,32.21727752685547
870,290,290,288,278.09116109631515,32.28190612792969
871,290,290,591,281.17737368080594,32.09537124633789
872,290,290,288,261.7103189837464,30.223180770874023
873,291,291,341,283.5735899435741,31.83519172668457
874,291,291,282,267.32898218469467,29.866077423095703
875,291,291,84,263.51564814511323,31.099369049072266
876,292,292,340,281.290012526401,32.104759216308594
877,292,292,282,268.2189733908866,29.814945220947266
878,292,292,282,275.2146716278792,31.834333419799805
879,293,293,288,263.5757275688147,30.165218353271484
880,293,293,51,66.6916464070699,7.5615034103393555
881,293,293,48,296.32085549607245,34.98027420043945
882,294,294,84,131.74873710872305,15.17959213256836
883,294,294,182,281.4373327294062,31.47592544555664
884,294,294,342,264.97852457926786,30.5609188079834
885,295,295,365,269.9468822433032,31.22045135498047
886,295,295,48,280.68405186302994,31.924327850341797
887,295,295,387,278.8456270238997,32.2484016418457
888,296,296,279,284.3142033908752,28.912309646606445
889,296,296,266,279.0861722136488,32.35491943359375
890,296,296,721,279.8866986676926,32.4570426940918
891,297,297,366,265.8905834269682,29.454547882080078
892,297,297,295,283.9796495868675,32.58964157104492
893,297,297,48,279.3082967235959,32.41969299316406
894,298,298,335,199.10140617351917,23.178564071655273
895,298,298,151,267.4246852896796,30.09419059753418
896,298,298,109,281.1859386714526,32.12099838256836
897,299,299,298,310.5657693177521,35.57786560058594
898,299,299,81,314.8851683978082,44.62738037109375
899,299,299,298,311.8340665826158,39.38119888305664
900,300,300,835,294.0906050322862,33.194236755371094
901,300,300,305,281.2807430165448,32.101646423339844
902,300,300,303,317.73607339952207,33.98591232299805
903,301,301,304,297.51397349551445,34.53329849243164
904,301,301,304,284.4996482194436,32.69041061401367
905,301,301,307,281.170014155118,31.505962371826172
906,302,302,310,297.2876803060159,35.49480056762695
907,302,302,79,289.0010514260185,33.24630355834961
908,302,302,307,299.8022384391536,34.06403350830078
909,303,303,314,319.76838909914824,33.05978775024414
910,303,303,312,273.68114789760534,29.156585693359375
911,303,303,302,305.93617908224695,36.03471374511719
912,304,75,75,297.2724952815428,34.54109573364258
913,304,304,90,270.410989002235,32.51910400390625
914,304,304,307,283.8900151938681,32.55318069458008
915,305,305,307,284.93427969288985,31.306365966796875
916,305,305,562,264.19138076942244,30.305076599121094
917,305,223,227,266.8587085327319,29.957529067993164
918,306,305,307,265.1222537699448,30.3709716796875
919,306,305,314,262.4214915036166,30.807781219482422
920,306,306,124,254.31826809689215,26.306779861450195
921,307,307,304,264.5540010070059,31.047367095947266
922,307,307,75,219.12808610928806,24.32339096069336
923,307,307,305,274.5835254348401,31.662513732910156
924,308,308,71,307.3181972216533,34.94486999511719
925,308,308,855,260.0065304194094,30.36456871032715
926,308,308,303,281.3848469099307,31.62821388244629
927,309,309,308,304.6482220368052,32.91241455078125
928,309,310,850,279.2556847801343,32.4577522277832
929,309,309,971,288.87584135897526,33.205772399902344
930,310,695,489,280.2550146078177,32.37095260620117
931,310,309,311,279.0090114973072,32.07944107055664
932,310,985,489,285.1849628686685,32.25603103637695
933,311,312,318,292.77663277859256,33.833351135253906
934,311,311,77,238.08262284823456,27.552753448486328
935,311,311,456,270.2824883651949,29.908063888549805
936,312,312,314,289.8573903341041,34.7584228515625
937,312,312,311,268.13527063713974,30.259681701660156
938,312,312,311,249.09848064202913,28.7094783782959
939,313,313,55,258.78959272681107,30.523773193359375
940,313,313,55,286.23484128375526,30.967647552490234
941,313,40,318,281.3240871299726,33.218994140625
942,314,124,51,280.89721581872516,32.16501998901367
943,314,310,76,281.6261375432025,31.614795684814453
944,314,314,109,281.35155774525845,31.708589553833008
945,315,315,471,307.31045361893507,35.30009460449219
946,315,312,84,279.0427912104309,32.576290130615234
947,315,311,312,279.39258713876677,31.478004455566406
948,316,616,361,239.57376659887305,26.62322425842285
949,316,316,317,264.6934262721664,30.607568740844727
950,316,316,397,306.9646213222911,34.84503936767578
951,317,317,318,260.84943162426765,30.18689727783203
952,317,317,316,264.60563292894835,30.553251266479492
953,317,317,318,284.6495115464654,33.59788513183594
954,318,815,815,264.0024983697404,30.233673095703125
955,318,318,461,268.9873507759099,31.570751190185547
956,318,318,31,264.18314590447505,30.63237762451172
957,319,320,611,312.28255568315535,62.30030822753906
958,319,319,320,306.71166904503224,35.08186721801758
959,319,319,599,285.9740965522238,32.35031509399414
960,320,320,319,304.5506110981247,42.14537048339844
961,320,320,677,279.89213407638846,33.105934143066406
962,320,320,319,262.4748055392106,30.887176513671875
963,321,321,323,265.26926753783874,30.599103927612305
964,321,321,326,263.6775870544541,30.60132598876953
965,321,321,323,305.598733329306,33.67021179199219
966,322,322,326,305.2278687654762,35.62395095825195
967,322,322,55,289.777367792092,33.09246826171875
968,322,322,48,295.9337574935834,39.839664459228516
969,323,323,321,282.5894621438615,31.44026756286621
970,323,323,321,280.2965852795152,31.899259567260742
971,323,323,321,282.295678883855,31.950685501098633
972,324,324,325,269.2439620482038,30.57810401916504
973,324,324,695,266.0449838958596,30.180702209472656
974,324,324,464,305.905166080732,34.560428619384766
975,325,326,326,249.55234369033744,29.12030029296875
976,325,325,309,305.1264865119075,34.15691375732422
977,325,325,324,289.1492347182638,31.38334083557129
978,326,326,5,296.7145604579362,35.41313171386719
979,326,326,275,278.8371135224472,31.285430908203125
980,326,326,1,277.5423928448004,29.001720428466797
981,327,327,329,281.7036273824685,32.01914978027344
982,327,327,109,279.987912164247,32.29310607910156
983,327,327,113,278.24945579307104,32.230709075927734
984,328,328,102,282.4153268205851,31.17841911315918
985,328,328,390,263.9944493194059,30.704771041870117
986,328,328,109,279.4395014345082,31.254714965820312
987,329,329,113,279.6551404026464,31.605642318725586
988,329,327,39,280.18014849678326,32.30840301513672
989,329,329,116,313.16117188328246,33.9246711730957
990,330,330,331,294.30811681023914,36.68296432495117
991,330,372,815,280.2201823539894,32.41661834716797
992,330,330,203,278.8100365416621,32.38312911987305
993,331,330,330,279.14967467429744,32.73759460449219
994,331,331,271,261.4659595353209,30.647371292114258
995,331,203,203,256.8862489788881,28.900514602661133
996,332,199,199,273.4531532606097,29.204601287841797
997,332,332,258,294.33339947770327,32.82186508178711
998,332,332,331,187.54737250486974,20.85619354248047
999,333,333,385,282.79394695486644,31.30670738220215
1000,333,333,338,287.38121619215406,30.540937423706055
1001,333,333,184,283.28634493886636,31.911941528320312
1002,334,334,109,262.5085512028682,30.574750900268555
1003,334,334,51,279.38539748576994,32.55589294433594
1004,334,334,343,283.21228697545797,31.149057388305664
1005,335,335,358,65.31712339998865,7.418042182922363
1006,335,335,327,272.8202896089617,31.47417640686035
1007,335,335,81,303.73408783554515,36.057403564453125
1008,336,980,980,250.48522934320548,28.375078201293945
1009,336,336,611,278.95789877317026,32.667938232421875
1010,336,298,363,262.9184520277075,30.62455177307129
1011,337,337,58,236.83424874977513,26.71861457824707
1012,337,337,298,261.34690266971126,30.615707397460938
1013,337,299,298,272.9261322074539,31.09515380859375
1014,338,338,284,280.06205558854367,32.19302749633789
1015,338,338,260,278.7066106585839,31.451818466186523
1016,338,338,514,265.33714231472095,30.271800994873047
1017,339,339,603,88.78973618778738,10.075753211975098
1018,339,339,345,99.99075064586343,11.605228424072266
1019,339,339,273,279.47029734621526,32.381919860839844
1020,340,340,646,281.6994691065685,31.99997329711914
1021,340,340,340,257.4087538091634,30.187606811523438
1022,340,340,643,291.14881405144314,33.43169021606445
1023,341,342,342,262.1580196791449,30.614768981933594
1024,341,342,272,164.94903276397076,18.336252212524414
1025,341,342,342,250.12920902598074,28.510896682739258
1026,342,342,197,299.3155877893325,35.15315246582031
1027,342,342,67,265.1326151941501,30.442359924316406
1028,342,342,345,274.64679146286903,29.87946128845215
1029,343,343,84,280.66924994026533,32.1622200012207
1030,343,343,341,278.5681610700339,31.272010803222656
1031,343,341,106,299.8625293617516,35.24179458618164
1032,344,344,327,295.4636687017626,39.790870666503906
1033,344,344,506,264.08534027545335,30.752914428710938
1034,344,344,37,245.6081699944601,28.332746505737305
1035,345,345,690,261.8586486295931,29.68954849243164
1036,345,345,355,259.5173891600763,29.908546447753906
1037,345,345,388,281.53934265328365,32.1461181640625
1038,346,346,345,281.51289004695485,32.07162857055664
1039,346,346,334,273.9352740602337,31.127824783325195
1040,346,730,912,271.82677341841264,31.273229598999023
1041,347,347,361,271.2976189300096,30.96002960205078
1042,347,347,958,279.0037347054914,32.244285583496094
1043,347,347,338,302.64181098253556,34.81624221801758
1044,348,348,341,263.66422126319776,29.561277389526367
1045,348,349,349,289.1437094413589,30.730690002441406
1046,348,348,286,279.5614751670541,32.61274337768555
1047,349,349,342,264.09338815928487,30.693687438964844
1048,349,349,134,264.30042179128026,29.427490234375
1049,349,349,109,248.5417443377997,27.814340591430664
1050,350,350,295,200.4304949199354,22.864383697509766
1051,350,350,48,308.95244035922985,37.7296257019043
1052,350,348,267,309.97130908103554,37.89585876464844
1053,351,351,912,254.27051134996142,29.40906524658203
1054,351,351,353,266.74095521474845,30.08039093017578
1055,351,274,815,280.0533598631712,32.404441833496094
1056,352,352,276,264.52143080661375,30.49036979675293
1057,352,351,343,268.4849991390963,30.0672607421875
1058,352,278,278,263.5751651934216,31.03558349609375
1059,353,353,352,135.54149030700583,15.460551261901855
1060,353,353,352,162.51509903804828,18.257253646850586
1061,353,353,646,279.76187298544767,32.3357048034668
1062,354,354,562,280.75476357365324,32.34262466430664
1063,354,354,355,138.08013968468484,15.360386848449707
1064,354,354,342,284.9989628813916,31.358243942260742
1065,355,355,690,264.1538838560911,30.01228904724121
1066,355,355,406,302.7010937225976,37.26686477661133
1067,355,355,365,280.1547724642543,31.82110023498535
1068,356,356,298,179.84283187155577,20.445398330688477
1069,356,359,359,142.9317424088183,16.16715431213379
1070,356,356,593,273.0393081309322,31.725116729736328
1071,357,357,230,263.77937693410684,30.08015251159668
1072,357,337,81,295.2362831772562,39.23131561279297
1073,357,357,84,119.33626475310729,13.693856239318848
1074,358,358,333,243.0842720860256,27.90628433227539
1075,358,358,51,275.0999992964457,32.06961441040039
1076,358,358,48,264.3912596435768,30.404987335205078
1077,359,249,428,283.05959554803457,31.98724937438965
1078,359,774,514,186.76214485498886,21.503475189208984
1079,359,359,298,239.14527051748965,26.860599517822266
1080,360,360,84,263.9397971696417,30.607084274291992
1081,360,337,318,293.28515783921375,39.61754608154297
1082,360,360,337,120.79732323470172,13.688612937927246
1083,361,361,97,273.86198141013256,32.09963607788086
1084,361,361,852,241.24466071342877,28.505172729492188
1085,361,361,284,266.0746168925383,30.51932716369629
1086,362,362,343,253.62113937712604,29.754545211791992
1087,362,362,84,176.76624901275005,19.98138999938965
1088,362,362,361,204.4450304791966,22.4008846282959
1089,363,363,123,280.1910908327667,32.15318298339844
1090,363,266,84,280.0450521724508,32.21878433227539
1091,363,363,56,237.02535201769072,27.32923698425293
1092,364,364,377,103.34415882199342,11.894883155822754
1093,364,364,365,277.7431373328806,32.16010665893555
1094,364,364,76,175.9414430075972,20.368961334228516
1095,365,365,368,279.28477113827654,32.00016784667969
1096,365,365,580,279.7198552038273,32.225181579589844
1097,365,365,344,275.36927788350675,32.27991485595703
1098,366,366,297,279.4882815593666,32.09757614135742
1099,366,294,294,294.5979910588832,39.738121032714844
1100,366,298,45,289.3891339570966,32.02790451049805
1101,367,367,380,209.732862177727,24.09769630432129
1102,367,562,562,281.2915927849383,31.057384490966797
1103,367,701,496,309.8243806411313,35.29313278198242
1104,368,368,904,282.44474354830436,31.883684158325195
1105,368,368,380,118.5782228761039,13.655410766601562
1106,368,368,381,264.1454987514892,30.52661895751953
1107,369,369,363,183.97093327883013,20.89751434326172
1108,369,369,346,266.62943910201716,32.05821990966797
1109,369,369,76,249.78757598518058,28.52124786376953
1110,370,372,372,279.37029762317013,31.796308517456055
1111,370,370,364,281.3093616212056,31.78535270690918
1112,370,370,815,296.7674583285152,34.911434173583984
1113,371,373,373,133.6468211429099,15.343507766723633
1114,371,380,27,163.60597593402142,18.646085739135742
1115,371,371,377,81.62706984078677,9.443913459777832
1116,372,105,51,277.9238748847694,31.62873077392578
1117,372,372,815,266.76406520143917,30.356327056884766
1118,372,372,124,279.27614022209025,32.592979431152344
1119,373,373,372,265.25525211076337,30.345102310180664
1120,373,373,109,263.8849902137738,30.85843276977539
1121,373,373,298,278.673647703554,32.45738983154297
1122,374,374,341,301.28243435636455,35.87516784667969
1123,374,374,177,252.7463655736007,28.523588180541992
1124,374,374,295,277.6499997094012,32.27695846557617
1125,375,375,358,264.08487281175513,29.966161727905273
1126,375,375,370,296.2874063257431,39.39596176147461
1127,375,375,365,261.96244106724924,30.54088592529297
1128,376,376,338,310.27794800724485,35.7352294921875
1129,376,376,379,256.1749011964749,27.822607040405273
1130,376,376,371,270.8414910574612,30.964576721191406
1131,377,377,385,282.11917944985714,31.717926025390625
1132,377,337,116,264.71668639542025,30.54512596130371
1133,377,377,382,262.6426027247971,30.118131637573242
1134,378,378,383,273.5076144331376,31.587800979614258
1135,378,378,48,277.84000878813225,31.638778686523438
1136,378,378,48,262.0308343769651,30.731962203979492
1137,379,379,381,266.18994921726664,31.054426193237305
1138,379,379,381,308.9504741016127,37.42674255371094
1139,379,379,723,308.74916934222244,38.650474548339844
1140,380,381,381,229.27566466846233,26.587350845336914
1141,380,380,333,169.16174105316773,19.602313995361328
1142,380,380,92,265.1467546537423,29.70211410522461
1143,381,381,580,308.7467469729275,41.29472732543945
1144,381,381,379,284.76058338047335,33.084938049316406
1145,381,381,61,280.19385871337437,31.50959587097168
1146,382,382,380,55.791160346087636,6.463120460510254
1147,382,382,51,324.51148528041296,50.843467712402344
1148,382,380,380,264.21918204354677,30.0305233001709
1149,383,383,208,244.03353787726587,26.601869583129883
1150,383,383,384,118.65697342152518,13.477640151977539
1151,383,383,362,271.8146146991599,31.011539459228516
1152,384,384,105,279.01128199802133,31.645784378051758
1153,384,384,381,258.4911526387274,29.62407684326172
1154,384,384,562,288.0741529474724,34.01609802246094
1155,385,101,101,266.1636434532335,28.72270393371582
1156,385,385,101,279.34700113744884,31.970012664794922
1157,385,385,48,197.49133144423587,22.502004623413086
1158,386,386,385,278.44209211551015,31.960641860961914
1159,386,386,385,279.13631469194405,32.56306076049805
1160,386,386,346,281.21348579531764,32.332279205322266
1161,387,387,365,284.4587403957361,32.88760757446289
1162,387,387,84,269.9865397790015,31.559398651123047
1163,387,387,84,278.0236967044884,32.45216751098633
1164,388,388,384,264.5007361034817,30.56401252746582
1165,388,388,188,279.4872865621967,31.84619903564453
1166,388,388,245,279.127811773532,31.93906593322754
1167,389,391,491,263.9873287659329,29.241207122802734
1168,389,389,847,200.92636948285076,22.915369033813477
1169,389,391,391,258.7638324508402,28.974897384643555
1170,390,65,445,270.0116713903977,28.411481857299805
1171,390,390,815,265.37240439694597,30.443445205688477
1172,390,390,396,279.86904819029866,32.502708435058594
1173,391,405,895,313.1087679567946,34.095088958740234
1174,391,391,474,259.21207988988016,30.020524978637695
1175,391,391,872,280.0602107265909,32.32061004638672
1176,392,392,327,273.2806175557925,31.673582077026367
1177,392,392,109,291.700648097598,33.06670379638672
1178,392,392,393,280.2018652892078,31.81026268005371
1179,393,393,393,252.99112987856523,29.504194259643555
1180,393,393,109,279.183240465983,32.533531188964844
1181,393,393,108,273.52974328148434,30.951990127563477
1182,394,394,344,251.0666652673409,29.110383987426758
1183,394,394,327,281.4784554662468,31.91571044921875
1184,394,394,109,262.6131229601205,30.92259979248047
1185,395,395,149,278.96560748753086,32.83670425415039
1186,395,391,791,280.9748542624527,31.982898712158203
1187,395,390,776,272.0987574855242,31.23322296142578
1188,396,396,115,267.8247771205513,29.72227668762207
1189,396,396,328,278.4328349223671,32.33700942993164
1190,396,396,973,278.6955883409935,32.42905044555664
1191,397,397,390,274.91362691772895,31.76761245727539
1192,397,397,650,257.5941170096902,30.12464141845703
1193,397,397,815,301.07871091615453,39.17878723144531
1194,398,398,750,261.23905462912404,29.637866973876953
1195,398,398,327,278.5669476235406,32.115020751953125
1196,398,398,626,273.339276456225,32.35731506347656
1197,399,399,796,114.0482094533307,12.809463500976562
1198,399,399,169,183.06062072848255,20.259838104248047
1199,399,501,611,263.1470046915362,30.494016647338867
1200,400,400,667,242.21905511800935,26.684696197509766
1201,400,667,667,221.02804247493194,22.645326614379883
1202,400,400,474,202.87422429385262,22.933698654174805
1203,401,401,850,257.3453665936031,29.572647094726562
1204,401,401,597,265.7642541309544,30.196409225463867
1205,401,401,787,210.84855333610102,22.994922637939453
1206,402,905,118,276.6814746453707,30.805204391479492
1207,402,402,748,280.7435591085889,31.816701889038086
1208,402,402,546,287.6386747387111,30.720062255859375
1209,403,403,833,270.26599920584255,31.281036376953125
1210,403,403,698,266.1508931950687,29.60072135925293
1211,403,403,611,267.2589245520328,30.165037155151367
1212,404,404,895,256.0753939391673,27.89486312866211
1213,404,895,36,277.4664485228378,32.294334411621094
1214,404,404,812,265.4508918576583,30.62021255493164
1215,405,404,404,280.25884269750463,32.11431884765625
1216,405,405,895,263.68942001081695,30.947124481201172
1217,405,405,539,278.80320424524746,32.8460578918457
1218,406,406,884,234.018232342478,26.632978439331055
1219,406,497,497,255.89984622111507,29.805543899536133
1220,406,406,668,298.1454958530481,35.35942459106445
1221,407,407,675,277.01347980806,31.46776580810547
1222,407,407,654,276.76522786623565,30.742298126220703
1223,407,407,734,277.64109324968786,31.854013442993164
1224,408,408,199,255.54806378632375,28.787296295166016
1225,408,408,586,292.8777896119571,37.25068664550781
1226,408,408,864,266.8020190998124,30.140588760375977
1227,409,892,562,254.38206855483847,28.907793045043945
1228,409,820,820,276.5008874433699,30.30221176147461
1229,409,635,635,145.79052187246452,14.76903247833252
1230,410,410,698,278.3251952742018,32.11423873901367
1231,410,410,888,263.8396494985341,30.76646614074707
1232,410,410,716,319.5994749954324,39.23796081542969
1233,411,411,443,249.45847444050622,26.851734161376953
1234,411,748,748,285.70701378558357,31.450138092041016
1235,411,414,626,284.7975283628595,29.594112396240234
1236,412,412,438,271.3407327708349,28.425697326660156
1237,412,412,898,360.24284229037943,70.52984619140625
1238,412,412,706,275.7804576734102,31.663976669311523
1239,413,413,764,272.23543523133395,24.72510528564453
1240,413,413,764,212.5913490727841,23.449460983276367
1241,413,413,764,177.3241544187699,20.709392547607422
1242,414,414,676,227.31442897408735,21.313440322875977
1243,414,636,496,315.3507980428451,33.743980407714844
1244,414,786,524,280.5945121554084,32.21326446533203
1245,415,415,766,279.5895829811906,31.831356048583984
1246,415,415,509,280.60116714430404,32.220298767089844
1247,415,923,923,276.6077532958789,30.620342254638672
1248,416,416,462,336.7591005845416,77.2490463256836
1249,416,416,523,281.9996320147754,31.755828857421875
1250,416,602,702,254.3007243791387,29.198617935180664
1251,417,417,701,250.174245866909,28.150358200073242
1252,417,417,971,274.0413096730159,31.692169189453125
1253,417,417,851,231.41300494610155,25.673768997192383
1254,418,418,584,308.43400941021514,37.506229400634766
1255,418,720,441,257.6448658512653,28.926469802856445
1256,418,563,563,251.34322015775732,27.94082260131836
1257,419,463,376,266.2304770171942,30.31708526611328
1258,419,419,903,276.8243189639032,31.147613525390625
1259,419,419,365,262.35472289518145,30.370195388793945
1260,420,420,850,234.79792487295484,27.87095832824707
1261,420,420,451,276.65120618544574,26.95420265197754
1262,420,506,385,274.8328983712273,32.409629821777344
1263,421,716,716,268.65091896084954,29.000774383544922
1264,421,421,839,278.3079966518407,32.65018081665039
1265,421,498,498,304.983699043119,35.281009674072266
1266,422,422,795,264.7818730536481,30.39845848083496
1267,422,819,698,231.3918593135755,26.33323860168457
1268,422,575,575,252.53993626264062,29.413410186767578
1269,423,423,424,264.10735806725774,30.258106231689453
1270,423,424,561,280.3616957156566,32.20387268066406
1271,423,423,471,264.0630723195178,29.07758903503418
1272,424,571,571,281.8626556856704,31.748558044433594
1273,424,424,865,195.3226283434051,21.615253448486328
1274,424,424,543,261.7557657548909,29.414411544799805
1275,425,425,611,241.3159734471111,27.733585357666016
1276,425,425,637,282.56749566226244,32.20189666748047
1277,425,425,668,272.18430674341926,29.983102798461914
1278,426,826,487,189.68107168618468,21.181293487548828
1279,426,426,892,264.0852421692976,30.71637535095215
1280,426,409,409,132.34232826932057,13.665838241577148
1281,427,855,855,282.57724303690105,32.79301834106445
1282,427,427,469,263.45841703214256,30.409090042114258
1283,427,427,756,264.85914249022704,30.03550148010254
1284,428,428,839,279.31153567119503,32.15595245361328
1285,428,706,580,280.0266637220338,31.89553451538086
1286,428,217,217,281.606295425114,31.591949462890625
1287,429,429,714,272.2400453082817,28.690786361694336
1288,429,429,443,315.4228439679847,52.24877166748047
1289,429,429,412,260.9280116828777,29.6506404876709
1290,430,430,615,283.2021331926309,29.64615249633789
1291,430,430,805,265.2824416548176,30.393644332885742
1292,430,430,971,261.2925131807136,30.005142211914062
1293,431,431,516,293.68613575653325,30.15460777282715
1294,431,830,830,203.38949205309493,20.249622344970703
1295,431,431,516,166.15693183306277,18.050020217895508
1296,432,432,593,284.88287720380555,32.37745666503906
1297,432,558,593,194.35741218509386,21.850175857543945
1298,432,432,683,232.09350519577208,26.145587921142578
1299,433,842,842,251.01750092102915,28.051321029663086
1300,433,433,978,272.03640127370454,29.216630935668945
1301,433,433,796,282.3334132371906,31.18187713623047
1302,434,434,797,292.64118856628926,36.56875991821289
1303,434,434,516,253.62245056983042,29.396657943725586
1304,434,434,700,288.54066265059214,28.86346435546875
1305,435,435,725,291.1866014202676,33.22136306762695
1306,435,876,354,306.419399530236,35.176395416259766
1307,435,896,503,276.562137194983,32.563961029052734
1308,436,436,774,280.43813705924106,30.811885833740234
1309,436,436,511,286.3724849540869,30.570016860961914
1310,436,436,670,277.84174887924934,32.01814270019531
1311,437,437,611,271.2408633111189,31.0960636138916
1312,437,437,832,294.1595793916836,33.62214279174805
1313,437,437,538,279.6123281741228,32.23345947265625
1314,438,438,902,65.09251259603882,6.666390895843506
1315,438,438,647,110.23210281887751,12.236493110656738
1316,438,438,640,293.0458729459587,34.06806564331055
1317,439,900,562,270.2289483409818,29.270185470581055
1318,439,439,614,262.3932835615718,30.220401763916016
1319,439,439,852,115.89484256655173,12.8600435256958
1320,440,440,862,239.9075068984883,27.955392837524414
1321,440,440,892,268.51707123082366,29.657703399658203
1322,440,440,711,261.22004914379676,29.03737449645996
1323,441,794,794,285.6312315628646,30.89869499206543
1324,441,441,725,269.7871107731142,28.909191131591797
1325,441,626,626,270.54310595616255,31.170488357543945
1326,442,442,489,263.7699055702419,29.225372314453125
1327,442,483,611,248.96812253551167,27.602619171142578
1328,442,442,437,269.1718076650039,30.520219802856445
1329,443,443,643,278.6987835156783,32.27089309692383
1330,443,443,700,289.0083817149395,32.6122932434082
1331,443,591,934,282.76914963743354,31.656936645507812
1332,444,444,491,277.78045398886525,31.562891006469727
1333,444,444,880,305.99484432104634,37.16941452026367
1334,444,444,879,343.9126668786311,57.98357391357422
1335,445,445,639,318.3843232188379,35.54998016357422
1336,445,445,638,280.44588474981026,31.095565795898438
1337,445,445,638,268.822574672919,30.6381893157959
1338,446,446,902,95.3172564345821,10.56506061553955
1339,446,769,562,266.59306595170716,30.459270477294922
1340,446,446,754,264.2272881348776,30.045324325561523
1341,447,902,902,261.66135867553527,29.79836654663086
1342,447,447,628,263.369299492346,30.36431312561035
1343,447,447,464,214.01220145550823,22.567262649536133
1344,448,448,776,291.58153726124925,29.494091033935547
1345,448,448,562,283.73101310975954,32.649662017822266
1346,448,448,580,307.936833287164,34.79109191894531
1347,449,660,660,296.9263236181313,35.321876525878906
1348,449,449,698,266.4219342849819,30.437639236450195
1349,449,449,476,268.36853443286446,29.531421661376953
1350,450,802,802,281.86430756325285,31.536230087280273
1351,450,450,597,273.1828492102194,32.06476593017578
1352,450,450,532,250.93958437655292,28.75084114074707
1353,451,451,531,268.6864364040734,32.70719909667969
1354,451,452,691,147.83125511735372,16.82603645324707
1355,451,451,777,123.6012352701226,14.04719066619873
1356,452,433,365,279.77755644994573,32.134178161621094
1357,452,452,806,281.0238139064295,31.91794204711914
1358,452,452,496,245.7538046376892,28.146018981933594
1359,453,453,800,278.4866692788172,31.92629623413086
1360,453,453,760,305.3909551654806,46.08181381225586
1361,453,453,698,309.6701584723257,40.440032958984375
1362,454,454,788,277.6190497720955,31.575023651123047
1363,454,509,509,348.6907043112846,51.23788833618164
1364,454,707,707,281.0788093669957,32.17424392700195
1365,455,455,816,268.1034607731576,29.72870635986328
1366,455,455,815,246.4589070885551,28.955951690673828
1367,455,455,614,280.2565507243773,32.345821380615234
1368,456,413,472,252.1761657223121,28.652990341186523
1369,456,456,644,265.2263748717025,25.94168472290039
1370,456,843,843,282.5784186213036,30.92045021057129
1371,457,457,457,326.0920484863463,35.1134147644043
1372,457,457,366,280.566800625336,32.4290885925293
1373,457,610,610,270.57606668621185,29.651351928710938
1374,458,458,496,255.40294933072707,27.98495864868164
1375,458,458,915,276.9172082662334,31.90871238708496
1376,458,458,637,278.82578293353566,32.46019744873047
1377,459,459,824,312.7963673373013,33.30042266845703
1378,459,445,445,258.9772094053904,28.7882137298584
1379,459,459,33,273.30957259860355,31.277219772338867
1380,460,460,109,282.07753932413834,31.800809860229492
1381,460,460,769,264.5158338623342,30.69121551513672
1382,460,460,580,275.9860875117688,31.893245697021484
1383,461,461,439,287.0252070486888,32.64091491699219
1384,461,524,524,181.32509162958237,20.090410232543945
1385,461,857,857,297.8784576861273,35.49687194824219
1386,462,111,111,270.6212691784196,31.047876358032227
1387,462,882,546,293.5143378430315,33.53312683105469
1388,462,462,711,257.9208569703195,28.701534271240234
1389,463,463,488,281.7504620645016,31.58601951599121
1390,463,463,61,280.4102468029793,31.95806884765625
1391,463,825,815,278.9349159457057,32.507930755615234
1392,464,464,556,196.10495650556365,22.305343627929688
1393,464,748,748,318.245522870789,33.225345611572266
1394,464,748,636,269.12608489135727,29.109527587890625
1395,465,465,652,267.4524743421953,31.385169982910156
1396,465,465,461,67.50070853201521,7.732289791107178
1397,465,465,667,178.01907405187387,19.821823120117188
1398,466,466,758,296.6810256324412,35.13337326049805
1399,466,415,893,304.37977144497955,35.12224578857422
1400,466,466,456,261.1492659723469,29.282611846923828
1401,467,467,429,278.59070059622616,31.51818084716797
1402,467,467,634,264.18006215000264,30.541648864746094
