0,0,0,428,46.87336776467104,5.81956148147583,0.060331618949636824,0.004651679862794706
1,0,0,389,48.27186207700042,7.864011287689209,0.10167892056333937,0.019290280202595652
2,0,0,391,90.29126226793016,10.66201400756836,0.05552060821968653,0.008712899054857032
3,1,397,29,64.53353071590831,8.952920913696289,0.03875464822403487,0.004076402271037026
4,1,1,0,99.21020767605009,11.685501098632812,0.060874877473914,0.011582237757131141
5,1,1,327,95.17987612845097,10.512907981872559,0.05556567078724154,0.008730553501151747
6,2,2,148,91.20426138791558,10.631375312805176,0.05549284782903868,0.008702024688051233
7,2,2,150,88.06436868537725,10.842338562011719,0.05556144212069916,0.008728896881483168
8,2,2,3,98.20533683173416,11.782745361328125,0.06092248110642791,0.011601706371764709
9,3,2,2,109.61853153574793,11.024913787841797,0.060913106596070556,0.011597873360889226
10,3,3,2,100.96112568342261,11.88491153717041,0.0617817722076434,0.012127191562276467
11,3,3,2,85.15694982572556,9.855846405029297,0.04761604857131556,0.006355259337154064
12,4,4,3,91.2388249384804,9.330981254577637,0.04554246284707003,0.005671299139207796
13,4,3,562,203.6175439073604,45.52064895629883,0.11314526662094321,0.0392156862745098
14,4,4,390,286.50090004227116,57.13499069213867,0.1,0.0392156862745098
15,5,5,6,44.60265748987602,6.785589694976807,0.024301081530364144,0.0015040008839536448
16,5,5,6,28.551229505923647,6.4226484298706055,0.06041124317804652,0.004685029795761285
17,5,5,854,8.09195712909246,3.1460976600646973,0.11237268738146511,0.006259836950563874
18,6,6,125,99.41449226596228,11.652539253234863,0.06087434105478833,0.011582018238522888
19,6,6,794,91.89244168820021,10.63443374633789,0.05542540316828569,0.008675609796819344
20,6,6,5,86.8966731530697,10.877445220947266,0.05547721296869439,0.008695900581210066
21,7,8,8,98.50550850855214,11.40945053100586,0.059943940139296575,0.011040618956276366
22,7,7,80,81.65399363603562,14.149147033691406,0.0718952905022963,0.0019520398390049098
23,7,7,8,88.1416327804377,10.340248107910156,0.05682039663316557,0.008407479548382168
24,8,8,7,95.90301674542232,10.460564613342285,0.05554229145697746,0.008721393687911798
25,8,7,7,115.06889258968553,10.960721015930176,0.06284612200145454,0.012752577621201078
26,8,8,7,89.34804664743208,10.371527671813965,0.05435617615393335,0.008157647330862092
27,9,9,134,52.097586015837365,15.083822250366211,0.07976785550562103,0.005182398544041476
28,9,9,138,77.5629688238301,8.430683135986328,0.045580976577609254,0.004726579438996181
29,9,9,374,99.0229059905294,11.626771926879883,0.060800021604658396,0.011551604677430494
30,10,10,140,49.2417133494155,11.188704490661621,0.09497770788757975,0.012120952314016458
31,10,10,139,91.88662431878357,11.211447715759277,0.05779282375248499,0.009866002500490561
32,10,10,94,98.60678411173227,11.707167625427246,0.06092495911760194,0.011602719574044636
33,11,11,4,111.87585276598841,9.864646911621094,0.05550735540502696,0.008707707548177894
34,11,11,97,89.30916447252775,10.752266883850098,0.05548887509181077,0.00870046854052697
35,11,11,50,77.29371028617348,9.818496704101562,0.050347626447739935,0.006430199803794674
36,12,12,11,106.51969849432162,10.434167861938477,0.057857427457740467,0.009892026381998115
37,12,12,13,184.79803092620676,24.74713897705078,0.1,0.0392156862745098
38,12,12,86,215.99398548570272,30.558088302612305,0.1,0.0392156862745098
39,13,13,20,95.29997262326799,10.714146614074707,0.05663329144759586,0.009274005592440768
40,13,13,20,103.68617177127508,12.273780822753906,0.06472609726449993,0.01390639563638027
41,13,13,16,56.5763582040138,7.936827182769775,0.03884837986420493,0.0031886675047286053
42,14,14,131,68.0003731073674,9.324238777160645,0.047259054772904895,0.005288820223988799
43,14,14,46,215.2933746744875,32.32748794555664,0.1,0.0392156862745098
44,14,14,17,60.93504879490781,8.487846374511719,0.0672917607360345,0.009412720513038236
45,15,15,85,103.32577951705049,10.067166328430176,0.05550393498358988,0.008706367616102335
46,15,15,86,88.48601084749748,11.65189266204834,0.0621334639661967,0.009871126336766282
47,15,15,304,192.62252631198592,26.394622802734375,0.1,0.0392156862745098
48,16,16,1,83.55226326863888,9.834648132324219,0.05169560027642423,0.006984028809382356
49,16,16,94,67.3349246668185,9.330572128295898,0.04717576284143995,0.005262386894876389
50,16,16,893,109.69545489147971,10.988693237304688,0.060868730916580696,0.011569068677964034
51,17,17,319,92.65668591336905,10.594301223754883,0.0555467349467371,0.008723134517788778
52,17,17,17,21.91858056989043,16.53082275390625,0.1,0.0392156862745098
53,17,17,18,70.33259335980098,9.355323791503906,0.04502987938143879,0.0051761790490866474
54,18,18,80,98.1687739756485,11.68042278289795,0.06089298750451158,0.011589645416665184
55,18,18,99,187.37848488199614,24.999231338500977,0.1,0.0392156862745098
56,18,18,128,88.6137998422207,10.790350914001465,0.055450633662387554,0.00868441712081771
57,19,19,97,94.0513719538211,9.935295104980469,0.05420244907048783,0.00810324563531413
58,19,19,876,89.87931903878186,10.568716049194336,0.055549986432243986,0.008724408434849989
59,19,19,326,107.61883800293022,12.217653274536133,0.0657027295249243,0.014510031039664275
60,20,20,80,331.7522074612267,21.839731216430664,0.0649304903536273,0.0392156862745098
61,20,20,13,71.7078774928364,8.801546096801758,0.04111938805930612,0.0043022859747990985
62,20,20,91,260.29198769431457,35.646453857421875,0.0861157338886705,0.0392156862745098
63,21,21,22,124.41857116177589,9.391568183898926,0.06090706434303586,0.011595402298691465
64,21,21,18,50.709345189617196,7.794698715209961,0.03418137921519013,0.0026805308065378855
65,21,22,22,98.06847721093388,11.676663398742676,0.0608792425586239,0.011584023287922605
66,22,22,749,107.81510448002297,11.049591064453125,0.0653287428098503,0.013519467850420984
67,22,677,474,90.09733660390604,10.979541778564453,0.056715901389011066,0.009306894744236929
68,22,22,815,99.56121496617286,11.317543983459473,0.06080666989159957,0.011554326430233988
69,23,23,8,98.82436862927769,11.521448135375977,0.06087647645171518,0.011582891977833312
70,23,23,124,94.80918253686463,11.36892032623291,0.05876368907712553,0.01040914470460388
71,23,23,22,118.79266052075462,10.229552268981934,0.059866758791842674,0.011004213428124219
72,24,24,24,41.45864145479876,16.289213180541992,0.1,0.0392156862745098
73,24,24,206,218.6066965962722,33.910736083984375,0.1,0.0392156862745098
74,24,24,331,98.57514914450752,11.66819953918457,0.06095823490808463,0.011616322554206717
75,25,25,28,105.46125263211401,9.832375526428223,0.055571998223046794,0.008733032690297723
76,25,25,25,37.75083224303006,16.498668670654297,0.1,0.0392156862745098
77,25,25,32,80.82917424325996,9.689726829528809,0.05041341050373431,0.006449716187187003
78,26,62,62,37.216528533944164,6.837159156799316,0.050733674281868035,0.004062774476958811
79,26,26,79,96.42414839278418,10.340359687805176,0.05312802201401657,0.008363899072318277
80,26,26,28,103.73700326177755,12.108551979064941,0.06021022129121726,0.01240924155297593
81,27,27,26,177.46394066794338,24.292016983032227,0.1,0.0392156862745098
82,27,120,125,91.37497003166156,10.573307037353516,0.05557154665652808,0.008732855960304136
83,27,27,26,185.73749245531886,24.438159942626953,0.1,0.0392156862745098
84,28,28,304,204.7375780973701,30.317079544067383,0.1,0.0392156862745098
85,28,28,54,27.739102587070104,7.7557148933410645,0.09821642361155883,0.0077111489708792
86,28,25,25,113.7762720210725,11.151968955993652,0.06841909220081671,0.014833353669444185
87,29,26,26,45.60749337561686,7.494960308074951,0.033653668332281984,0.0024093560435165945
88,29,29,1,76.98187004266771,8.61573600769043,0.03864412349503009,0.004042379372325759
89,29,29,952,91.32798742359957,10.61878490447998,0.055534573898614895,0.008718370268314544
90,30,32,32,102.32048312935747,11.325532913208008,0.06090643559977314,0.011595145416972107
91,30,30,32,105.54422538974438,9.818130493164062,0.05555289206518135,0.008725546972171799
92,30,30,32,87.15586431813668,10.888015747070312,0.05563779010390105,0.008758814571600819
93,31,31,32,103.18117981721203,12.121187210083008,0.06387755290517846,0.01335923865758273
94,31,119,116,353.58004741002617,27.830699920654297,0.05682986196638602,0.0392156862745098
95,31,31,39,209.38376299382776,29.69709014892578,0.1,0.0392156862745098
96,32,42,42,73.40960380284996,9.352252006530762,0.044584462351686935,0.005191689998021921
97,32,30,30,22.398604072592132,5.840733051300049,0.054055633259824376,0.0031979708045023255
98,32,32,31,47.19954394518062,7.4090681076049805,0.03324267539387474,0.0023435135673434
99,33,34,58,97.65481658159223,11.769254684448242,0.06083853392274514,0.01156736794519132
100,33,50,84,97.62951408626246,10.247851371765137,0.05558957077138412,0.008738841452110818
101,33,33,34,89.70823091369745,10.686636924743652,0.05554844633379148,0.008723805211389452
102,34,34,334,249.1189521120742,74.4785385131836,0.1,0.0392156862745098
103,34,33,150,86.87721397931779,10.884151458740234,0.05554535130415469,0.008722592642117197
104,34,34,33,86.31765928118385,10.86428165435791,0.055556507447603314,0.008726963452534705
105,35,36,289,98.2151506093564,11.764251708984375,0.06083957826100211,0.011567795119574068
106,35,37,37,100.9043422997565,11.5383882522583,0.060993885790766325,0.011630891540611681
107,35,35,37,331.49005744083377,24.434276580810547,0.056813225699911436,0.0392156862745098
108,36,36,37,100.60657419524921,11.315983772277832,0.060895245151846446,0.011590568884199202
109,36,33,33,67.17845729125948,8.015056610107422,0.03822103385310724,0.003324778674989627
110,36,34,34,20.370859613652353,5.205676078796387,0.04800884367011162,0.0020821471361335154
111,37,37,35,92.7184165553594,10.318528175354004,0.05432034293091971,0.008143888618016945
112,37,37,35,108.64586920297052,12.405121803283691,0.07616972260223787,0.013898629352599293
113,37,37,35,99.46019053541166,11.525653839111328,0.060940136093205914,0.01160892454523971
114,38,38,290,35.530128282473775,6.375229358673096,0.06193901221272875,0.0050800729938067345
115,38,42,40,50.87439914378458,7.690846920013428,0.028997928862928294,0.0023083939250052796
116,38,38,316,110.4216462289898,11.291912078857422,0.06810477917081073,0.01461485503536962
117,39,39,45,101.52287502285398,11.410417556762695,0.060919503387963314,0.011600488888356679
118,39,39,49,87.44231858413742,10.850911140441895,0.055644940346666984,0.008760538317534504
119,39,39,48,88.9443536747519,10.707582473754883,0.055591709764512526,0.008740756498736072
120,40,40,46,216.70691862457042,30.719440460205078,0.1,0.0392156862745098
121,40,40,46,87.27545559349242,10.87694263458252,0.055606365260299224,0.008746499318339141
122,40,40,46,110.4034736284675,11.288705825805664,0.061839830906385694,0.012150928697850585
123,41,41,44,90.07407194689044,14.366488456726074,0.09277810920479533,0.01859153404365679
124,41,41,39,52.81224865193453,7.348791122436523,0.02720504999013181,0.001982482741790123
125,41,41,44,85.67244963292453,10.552410125732422,0.05096805642529478,0.007639157931887429
126,42,42,50,98.66208570215193,11.692813873291016,0.06083580491849455,0.011566250967618725
127,42,42,39,114.87052005742349,10.719598770141602,0.06091309250834294,0.011597867413954192
128,42,42,39,107.19669840597183,9.238391876220703,0.055556307584367304,0.00872688517092508
129,43,43,262,8.081727539828105,3.0751001834869385,0.11216049225779497,0.005675620320592714
130,43,43,58,100.67488244519204,11.530353546142578,0.06094393259382097,0.011610476446964908
131,43,43,32,78.1828351754949,10.090508460998535,0.0544217942751683,0.007341560095507127
132,44,44,49,204.93139467545737,29.559249877929688,0.1,0.0392156862745098
133,44,44,54,95.5058199210667,10.377202987670898,0.05550142295378911,0.008705383526792367
134,44,44,62,97.3956004651825,11.672171592712402,0.06095419709800219,0.011614672174082581
135,45,45,41,105.51133004261025,11.586912155151367,0.06284600480892619,0.01274677324279699
136,45,45,79,98.61961423412615,11.462553977966309,0.06090383865616492,0.011594083239056852
137,45,45,38,182.31273044169333,24.357568740844727,0.1,0.0392156862745098
138,46,46,43,99.26137847172762,11.545105934143066,0.0609378280257904,0.011607981029881871
139,46,46,309,103.77537635697534,11.41551685333252,0.060874291575243863,0.011581998155136029
140,46,46,50,76.60044268110481,9.402015686035156,0.048858150798985166,0.005859686567376947
141,47,40,40,80.40168227528521,9.96285629272461,0.047514094826664924,0.006317730431168074
142,47,47,31,55.5306481181894,7.924033164978027,0.038320209518352195,0.00310492572074169
143,47,47,46,96.86433817873889,11.261229515075684,0.058098538066605185,0.010328259910851501
144,48,48,148,93.83731566454263,10.530608177185059,0.05551812165296483,0.008711924938327058
145,48,48,45,98.84466300017833,11.680339813232422,0.06093900875274243,0.01160846366257847
146,48,48,50,89.72638434592527,10.968650817871094,0.056708921602954175,0.009304115795582709
147,49,65,65,97.65357157918112,11.686647415161133,0.06091516505776115,0.011598715123613778
148,49,49,50,98.42443937565655,11.650489807128906,0.0609391252114134,0.011608511241513426
149,49,49,428,98.95387561482202,11.674067497253418,0.06091603316471609,0.011599069849151517
150,50,50,33,91.84050573124594,10.549412727355957,0.05550275779970386,0.008705906509495799
151,50,50,49,95.48781549128384,10.342594146728516,0.05555882427259954,0.008727871044833014
152,50,50,49,90.58899841500863,10.653006553649902,0.055569668051517224,0.008731043450590024
153,51,51,342,22.297595113092573,3.696248769760132,0.10640503550222032,0.002605614334104453
154,51,51,26,91.16814376118487,10.62588882446289,0.05549497000084206,0.008702855842499118
155,51,51,766,95.56087588537102,10.401187896728516,0.0555187093886126,0.00871215514323095
156,52,52,53,89.56974898018332,10.743440628051758,0.05549587911739101,0.008703212079954774
157,52,53,53,102.6679335080657,11.313244819641113,0.06091426641963612,0.011598347548452206
158,52,52,357,88.75505303345236,10.63231086730957,0.055481250981055684,0.008697482322226207
159,53,53,52,100.65049168984278,11.507996559143066,0.060923707012794114,0.011602207763936397
160,53,53,57,53.64558542561641,7.670705318450928,0.03605473975434559,0.0027652732862836413
161,53,53,784,489.82867005418285,58.80333709716797,0.1,0.0392156862745098
162,54,54,306,275.72283340100546,35.770286560058594,0.10115942553757085,0.0392156862745098
163,54,54,61,98.60837523240566,11.517797470092773,0.060884846361561926,0.011575659078355852
164,54,54,66,98.10687309326816,11.716276168823242,0.06089267228409004,0.011589516586095305
165,55,55,64,50.10932602064064,9.143295288085938,0.04649154840946443,0.0035524798288677772
166,55,55,31,306.00263137080293,97.76947784423828,0.1,0.0392156862745098
167,55,55,55,18.725599255925516,16.218271255493164,0.1,0.0392156862745098
168,56,56,65,86.87207056007703,10.813239097595215,0.055533129438335174,0.008717804286512264
169,56,56,54,93.94002990383201,10.382983207702637,0.055573277116129464,0.008733533978182124
170,56,56,893,115.61310676361902,12.37468147277832,0.05968341292152516,0.014156805034701597
171,57,57,41,230.58966807815284,32.2767333984375,0.1,0.0392156862745098
172,57,57,66,95.08423858193646,11.359696388244629,0.06211602558580025,0.011286117331575043
173,57,57,52,79.79758421401927,9.18185043334961,0.044790176828031325,0.005230108185721477
174,58,44,39,104.85247540551912,12.309956550598145,0.06663132457895125,0.015096599796310877
175,58,58,41,77.54306344041632,10.185271263122559,0.0517925466792155,0.007015685126076622
176,58,58,65,215.55359726597038,34.199989318847656,0.1,0.0392156862745098
177,59,55,55,99.01345680721673,11.690926551818848,0.06095152448336006,0.011613579754752176
178,59,59,55,94.12603276899446,11.453470230102539,0.0588078001771533,0.010421730505391077
179,59,59,55,103.72194771401377,11.005365371704102,0.06076279371119274,0.011536361545323469
180,60,60,82,99.17433901196094,11.57513427734375,0.06094618476258424,0.011600734216932678
181,60,60,58,96.91966327671025,11.718207359313965,0.06094517916038827,0.01161098620339102
182,60,60,58,87.33600373665894,10.831181526184082,0.055553220070519285,0.008725675280254485
183,61,61,62,103.33680726644319,11.478616714477539,0.06089918027602346,0.011592178069086616
184,61,61,27,89.26200102657535,10.69064998626709,0.055621998139539455,0.00875262553261845
185,61,61,756,94.5226628594365,10.449332237243652,0.055543290860841685,0.008720709571512344
186,62,62,126,9.40173206988042,4.780223369598389,0.09104241349657458,0.002732785012635991
187,62,62,286,6.524349372446343,4.723081111907959,0.08740222310164225,0.0010873685618888996
188,62,62,68,15.162708041983763,5.501984119415283,0.10382627780720707,0.0063554735073447464
189,63,63,58,55.34846160060222,8.20537281036377,0.04124291048328531,0.003536030231891321
190,63,63,327,99.96626920399919,11.280606269836426,0.059828455995701836,0.010988571747664561
191,63,63,617,103.83037377467984,12.049704551696777,0.06786893238958365,0.014490657613759918
192,64,55,55,98.60306921679224,11.730744361877441,0.06082074229606425,0.011560086629031883
193,64,64,55,97.25102739115816,11.593175888061523,0.05952294476406226,0.010961551934879164
194,64,55,55,90.47154640458675,10.942453384399414,0.0566069373338527,0.009263513633567925
195,65,65,60,191.4973749826463,24.14370346069336,0.1,0.0392156862745098
196,65,65,396,96.89988100447538,10.43391227722168,0.05551491051733999,0.008710666959451285
197,65,983,983,48.701481114607425,7.296892166137695,0.03270890493226035,0.002258048152673893
198,66,66,56,90.10078912181322,10.602727890014648,0.05559147479971824,0.00874066440117225
199,66,60,26,18.404907988622345,4.89603853225708,0.08432648635369795,0.003467203684469033
200,66,60,60,80.69631710265752,9.975211143493652,0.04763975340212097,0.006363996341415774
201,67,67,54,105.72385348700568,11.9439115524292,0.06476124446329294,0.013920470651977757
202,67,68,66,50.44219449798252,7.747291564941406,0.03612709056790443,0.002781875459092073
203,67,67,646,97.14394490424489,10.878557205200195,0.0577692075201183,0.009856488027653928
204,68,66,66,59.739168973840094,8.56484603881836,0.039256270626339636,0.0037367362084360506
205,68,68,62,24.33703703806715,6.095296859741211,0.1030067275371481,0.009895099600608085
206,68,68,62,93.64059933284264,10.453596115112305,0.05553586932460863,0.008718877779902056
207,69,69,116,101.41004627047595,10.997393608093262,0.058863175554950124,0.010444229989318796
208,69,69,363,89.0388240269191,14.052457809448242,0.09436991321449831,0.0192163265838788
209,69,69,110,78.76663699678602,9.668416976928711,0.05036149349091665,0.006435051079142259
210,70,70,77,96.18998929141068,11.609109878540039,0.05989080734105825,0.011014031926012195
211,70,70,307,87.05650938429193,10.850432395935059,0.055488362994488415,0.008700268038303292
212,70,70,124,24.53132591721377,9.375088691711426,0.07104765474091752,0.003123204063870762
213,71,71,58,105.89707618256008,11.206872940063477,0.06097767066882176,0.011624265715606135
214,71,71,78,120.39649309045423,11.23806095123291,0.0624332887967511,0.014105848574366964
215,71,71,124,91.41732815929961,10.57470703125,0.05555007051281193,0.008724441485308286
216,72,72,74,99.65488653835445,11.68885326385498,0.06082060280792753,0.011560029385573774
217,72,72,74,95.84249856316306,10.442848205566406,0.05560698596217504,0.008745665085435641
218,72,72,74,94.09951220549691,12.243785858154297,0.06535451606068937,0.011592755433035253
219,73,75,75,40.30607899697995,7.210360050201416,0.0537278928845973,0.004822749499112641
220,73,73,815,95.76952179607125,11.081258773803711,0.05850006431969618,0.010390646301765463
221,73,77,77,107.03142340559948,7.895102500915527,0.038867999998864006,0.004111456589615127
222,74,72,72,96.37859330084166,10.333884239196777,0.05558369786451679,0.008736540311906613
223,74,74,73,84.4235863897206,10.672242164611816,0.0543042572481061,0.008142325386560335
224,74,815,815,66.23978980853376,8.935660362243652,0.04555677939057637,0.004720895408735465
225,75,75,302,90.01236225388989,10.676617622375488,0.05556448437509333,0.008730088877903656
226,75,75,73,87.50572185658211,10.837516784667969,0.055562712717151436,0.008729394600561075
227,75,75,73,78.50511383195092,9.10073184967041,0.04512088637765383,0.005206097071030931
228,76,76,77,86.92831142232646,10.819260597229004,0.05561365641428235,0.008749356534658428
229,76,124,124,93.62766828486701,10.490466117858887,0.05562809934569832,0.008755016493487772
230,76,76,77,93.62482819999681,10.505342483520508,0.055538212138700145,0.008719795522490793
231,77,77,74,96.96095266502473,11.53879451751709,0.05981818798983821,0.010984377875545601
232,77,77,71,105.53098453116279,10.005301475524902,0.05554102833402628,0.008720898903411309
233,77,77,74,79.58218548955102,10.107281684875488,0.05175377669186317,0.007005141054517688
234,78,78,73,50.16005459144112,5.6611528396606445,0.06504330203002032,0.005950334429234096
235,78,78,73,89.54710554281904,7.203835964202881,0.028945233723457604,0.0022958509065825403
236,78,78,74,89.50706100240228,11.071518898010254,0.056589537844699625,0.009256586925570163
237,79,79,79,21.647656930581174,16.740957260131836,0.1,0.0392156862745098
238,79,79,74,86.8381891614966,10.884778022766113,0.05546849990326906,0.008692487966978479
239,79,79,772,75.78468000375977,7.6594648361206055,0.030021188996859398,0.0024927164521377568
240,80,80,7,52.83746900273818,7.803433895111084,0.029497407673478145,0.0023976337806760756
241,80,82,363,65.06468239684447,8.236001014709473,0.06884802154640564,0.010038083014933485
242,80,80,130,28.936931576505827,7.656750679016113,0.09772551169069568,0.006924301160219789
243,81,81,8,75.75570849343904,9.833754539489746,0.050363168938295205,0.006435637299307163
244,81,81,279,72.8859748578151,7.192129611968994,0.03814708830061705,0.0030633778151908236
245,81,81,85,100.56749498239299,11.522146224975586,0.06084038457814929,0.01156812522425538
246,82,82,62,201.82766054628615,27.352209091186523,0.1,0.0392156862745098
247,82,81,81,99.96434209158107,11.580751419067383,0.06093696303685852,0.0116076273520263
248,82,85,305,114.23222604696282,10.61393928527832,0.06097006411963602,0.011621157139307139
249,83,83,357,225.57235435756647,33.4693717956543,0.1,0.0392156862745098
250,83,83,15,86.56294560122541,10.85244369506836,0.05550064955947511,0.008705080621361327
251,83,83,7,99.53034106186071,11.671031951904297,0.06090711733857219,0.011595424137923135
252,84,84,474,101.37374158572096,11.432723045349121,0.06086439026422733,0.011577947617628651
253,84,84,489,101.52365559529736,11.33683967590332,0.06090039986420898,0.01159267692409336
254,84,84,17,99.91190344133543,11.036139488220215,0.058821792647771945,0.01042741630643822
255,85,85,120,86.57489457574495,10.819137573242188,0.055532794741283704,0.00871767312414799
256,85,81,81,91.40531500755023,10.622108459472656,0.05554079165869433,0.008719730357445343
257,85,85,20,59.067924481232474,8.071613311767578,0.041088110602410854,0.0034969663534033454
258,86,86,876,92.71438666876483,10.588309288024902,0.05555820930244268,0.008726553986541423
259,86,86,8,86.72693798224563,10.850719451904297,0.05559310954335196,0.008741305007434828
260,86,86,85,129.25323539490492,8.660909652709961,0.0565971835347792,0.009258116741048213
261,87,87,289,101.17920446477385,11.447561264038086,0.06090544611470141,0.011594740650042252
262,87,87,23,99.55390599704349,10.117036819458008,0.05548132917590473,0.008697512800133495
263,87,87,99,87.62357862340683,10.800834655761719,0.05550986298353264,0.008708689883441954
264,88,88,90,101.85445907734865,11.470728874206543,0.06092766971939248,0.011593166821723504
265,88,88,90,105.59866951768791,11.235468864440918,0.06094700761954853,0.011601070266852288
266,88,88,90,82.50551656417596,10.01429271697998,0.051758687395866344,0.007006923874891491
267,89,89,134,97.9192293240156,11.692100524902344,0.060965862967725326,0.01160877506205012
268,89,89,132,86.52014759892225,10.566330909729004,0.05429727200973568,0.008139643141055707
269,89,89,8,98.80884976808919,10.208809852600098,0.05548020570819652,0.008695998516675258
270,90,90,15,91.12625889342517,10.69234561920166,0.055465500164468606,0.008691312985406648
271,90,88,797,87.90177065757977,10.799446105957031,0.05561337974112978,0.008749248209548876
272,90,90,84,94.83397556267866,10.966902732849121,0.05778800074117282,0.00986405934673958
273,91,91,94,93.13775216335495,10.356989860534668,0.05548977419678929,0.00870082069500577
274,91,91,84,107.59786517468407,11.246805191040039,0.06095926721644022,0.011606079979523534
275,91,91,94,87.69876893078236,10.781672477722168,0.05559390056776136,0.008741615017727036
276,92,92,134,102.40754223436801,11.958255767822266,0.06285908968925792,0.012752096776476585
277,92,92,94,99.19998626716333,11.343196868896484,0.05992798675171089,0.011034107657815082
278,92,92,131,78.272290835504,10.153646469116211,0.05156369303545346,0.006936224532726076
279,93,93,96,89.44928574697789,10.69729995727539,0.055521615855948295,0.008712218470445607
280,93,93,96,97.98589942934348,11.689104080200195,0.06096715832967053,0.011619969832064567
281,93,93,96,102.62346126569929,10.823001861572266,0.058889956396664084,0.010455108707828793
282,94,94,1,88.89151860829827,10.738107681274414,0.05552714472274988,0.00871438436713854
283,94,94,113,52.45737870665314,8.082925796508789,0.03934299274969448,0.0032635950591329566
284,94,94,19,94.93963972959867,11.264098167419434,0.05890034583114832,0.010459328887146718
285,95,95,94,98.70659486521647,11.733805656433105,0.060953260804090865,0.011614289470537227
286,95,95,113,91.45040330385955,10.953065872192383,0.05670353629597041,0.009300454678900595
287,95,95,94,99.52662749827714,11.634041786193848,0.060834524272442084,0.011565727044090934
288,96,96,489,265.20305468780504,57.93039321899414,0.1,0.0392156862745098
289,96,96,145,94.53452892504785,10.384824752807617,0.055479468390284455,0.008696784072228934
290,96,96,93,98.64068235245922,11.68713092803955,0.06086971474661587,0.01158012591798259
291,97,97,815,88.09587497793297,10.82565689086914,0.05552189627773634,0.008713403687657655
292,97,137,20,92.90057971882592,11.200849533081055,0.057815583132581796,0.00987517091771676
293,97,97,99,96.79561449813347,11.471319198608398,0.059919315060182235,0.011025668342159522
294,98,98,97,54.624031462890805,10.763376235961914,0.09582969510263387,0.013542178457182764
295,98,98,135,99.08173597255075,11.711101531982422,0.06092713917607657,0.011603610901292371
296,98,98,97,89.05592013824109,10.771184921264648,0.05545514774199863,0.00868725851894692
297,99,99,97,95.32669112266004,10.43735408782959,0.055487203421717216,0.008699813773256598
298,99,99,137,95.12950093992782,10.982857704162598,0.0578397674990921,0.009884912869710844
299,99,99,97,94.63827013243846,10.793074607849121,0.05667331719550895,0.009289940673976742
300,100,100,137,87.24308032011602,10.835728645324707,0.055530736137668374,0.008716866646426163
301,100,100,143,98.27533513328736,11.640741348266602,0.060943287634591864,0.011599550075512402
302,100,100,137,97.61195547365536,11.745299339294434,0.06091036434674065,0.011596751999378832
303,101,101,346,98.20678501490202,11.751544952392578,0.06089411817937937,0.011590107747943102
304,101,386,386,97.89340910099963,11.670853614807129,0.06093752784485829,0.011597196001046202
305,101,101,386,89.29136374094591,10.703507423400879,0.05545141171827261,0.008685795342130754
306,102,102,888,70.3084942382192,9.372147560119629,0.04389117817588293,0.005068257540034468
307,102,102,334,87.0914491553217,10.81662368774414,0.05552361336483005,0.008714076287563127
308,102,102,50,88.05820531729556,10.734561920166016,0.05558740200280549,0.00873906840891607
309,103,362,279,15.489958880140009,5.657633304595947,0.07301338505864514,0.0037558500737503286
310,103,103,357,4.985278680232443,4.407545566558838,0.09908313297184776,0.0024261601942658084
311,103,103,850,56.51980803872357,8.535921096801758,0.0671243257593492,0.009337961307480285
312,104,104,331,86.72978827602164,10.838172912597656,0.05551942944127786,0.008712437231169368
313,104,104,700,106.51014885193759,10.9231538772583,0.06090339319315442,0.01159390099883242
314,104,104,355,92.41830994631476,10.553971290588379,0.055574716303453224,0.00873409777708439
315,105,105,298,55.856646305190374,8.215095520019531,0.041704393662110074,0.0036008403178929074
316,105,105,379,96.491081062634,10.406810760498047,0.05555240142881006,0.008724278657615447
317,105,105,106,91.23880394821985,10.612242698669434,0.055424400741445376,0.008675217333089694
318,106,106,342,86.98206397083632,10.829779624938965,0.055566114804510715,0.008730727514419199
319,106,106,124,95.30472893660642,10.41171932220459,0.055545148666415495,0.00872143727696642
320,106,342,342,87.83345479538333,8.309432029724121,0.04555136582018032,0.0047192789762104115
321,107,107,815,102.25317388627538,10.100975036621094,0.05553870947686883,0.008719990329532641
322,107,107,971,88.86665187725545,10.704843521118164,0.05556491836286747,0.008730258807403773
323,107,107,745,92.63745708912413,10.564715385437012,0.055446141832074435,0.008683731485826844
324,108,108,393,98.66838336790154,11.64503288269043,0.06088700553340228,0.011587198756697878
325,108,393,393,86.35939611519774,10.528584480285645,0.05435117312601097,0.00815572610633553
326,108,991,107,100.9034386662575,11.576129913330078,0.06090991319301053,0.011596567541145995
327,109,109,973,369.7299567363505,28.60767364501953,0.056718580398850374,0.0392156862745098
328,109,109,973,81.52903017386042,9.60469913482666,0.05035404135334658,0.0064324438594109135
329,109,109,116,92.22653391765154,11.149006843566895,0.05853232810850403,0.009969412295550008
330,110,115,115,54.487712495698915,7.657331943511963,0.03609031982507236,0.0027740289682489858
331,110,110,115,87.91371464042018,10.716275215148926,0.055515041194204064,0.008710718346496685
332,110,110,115,51.41270393319409,7.7453107833862305,0.03620524604298214,0.002799877559584864
333,111,111,600,93.81938750686277,11.00118637084961,0.06010344885607662,0.010176102545229437
334,111,111,957,120.95207784668786,10.809225082397461,0.06952767015993329,0.015519977428893755
335,111,616,823,22.676927484588813,4.294137001037598,0.0315466094998627,0.0009427516057222453
336,112,112,49,107.57219168268546,10.844230651855469,0.06094058332713543,0.01159844502270986
337,112,991,994,98.49538287530292,11.695435523986816,0.06089878041377876,0.011592014664544997
338,112,112,2,103.5263592404064,11.368788719177246,0.0608661587849153,0.01157867095930451
339,113,113,112,100.363253658705,11.42155933380127,0.06095303088036716,0.011614195448901962
340,113,113,304,100.02973439931417,11.560612678527832,0.060868826164829797,0.011579762244106274
341,113,988,988,91.07752269969035,10.614130020141602,0.05550257431056427,0.008705834683625204
342,114,114,868,54.79921263960723,7.924558639526367,0.0382973158065405,0.003099412400400667
343,114,114,58,94.49858443444823,11.049418449401855,0.057776549585135895,0.009859445943947442
344,114,113,113,86.88125806810106,10.869926452636719,0.05563874203267908,0.008758109280661466
345,115,115,328,93.71413043399461,10.553458213806152,0.05549668839462473,0.008703529004589587
346,115,115,110,91.46695160364726,10.63747787475586,0.055468452383120134,0.008691395447643267
347,115,115,110,101.74061522412481,10.138053894042969,0.05554841406425777,0.008723792498324862
348,116,116,76,100.45362942793263,11.396967887878418,0.06091167772390694,0.011597288923990312
349,116,116,973,98.78860981646602,11.535226821899414,0.060914078027900075,0.011598270463096957
350,116,116,108,89.09970584519365,10.67583179473877,0.05554263693581118,0.008720453402987927
351,117,117,396,99.8547969004372,11.610712051391602,0.06088784225503837,0.011587541117443277
352,117,117,107,58.19030618789769,7.863950252532959,0.06338623945494136,0.007878526609735384
353,117,117,515,486.24889501335923,53.230064392089844,0.1,0.0392156862745098
354,118,118,467,32.9851773979041,5.391880035400391,0.05234068325938367,0.002863635377379938
355,118,121,123,98.2318642091094,11.783998489379883,0.06090315787885539,0.011593804840627504
356,118,118,123,102.43727178038235,11.381189346313477,0.06090736787389544,0.011595526576815621
357,119,119,120,106.4753604077987,11.288043975830078,0.060859721994328014,0.011576037661280146
358,119,119,79,86.71309848297923,10.863405227661133,0.055589822092111926,0.008740016863041291
359,119,125,419,102.42832192435236,11.371810913085938,0.06089912581835726,0.011592155995833565
360,120,12,12,49.76591251021795,7.2438459396362305,0.032206901778757326,0.002189678739786323
361,120,120,314,97.30262504437069,11.666744232177734,0.0608807186421436,0.011584627216328261
362,120,119,125,259.7920753488264,56.47696304321289,0.1,0.0392156862745098
363,121,118,36,96.10540260609126,10.360654830932617,0.05551163155141567,0.008709382504139301
364,121,121,124,98.45968021102182,11.7008638381958,0.06090091711377986,0.011592888451706813
365,121,121,616,61.36627578729544,8.141165733337402,0.042920485342645816,0.0037604343773462515
366,122,122,124,36.294397124541455,5.227798938751221,0.040044261629186576,0.0019796176598159375
367,122,122,124,57.330324561449046,7.7657318115234375,0.03816369700069692,0.0030673494125364256
368,122,122,124,71.90636186722423,7.780886650085449,0.06818716837037662,0.009759153307848592
369,123,123,580,90.26637075823413,10.641683578491211,0.05557081932458595,0.008732570774046041
370,123,123,973,90.8479200987796,10.64481258392334,0.055564511720258065,0.008730099484486244
371,123,123,124,103.16618364209373,11.400300025939941,0.060895462053203654,0.011590657563208016
372,124,124,932,89.2079733744501,10.662616729736328,0.05557354639886138,0.008733639436111173
373,124,124,932,92.94554211178698,10.398212432861328,0.05548577921935576,0.008699255906256247
374,124,124,119,91.89762218798998,10.658506393432617,0.05553405032062739,0.008718165191757818
375,125,125,116,104.8205348649052,11.094318389892578,0.0608988988508746,0.011592063082327547
376,125,125,120,89.61378341466965,10.520943641662598,0.05554899093672656,0.008724018367614082
377,125,125,119,91.0914685979382,10.593499183654785,0.055473203738337605,0.008694330277216843
378,126,126,32,85.62917578393179,14.829414367675781,0.09257884783085257,0.016544773544069715
379,126,126,314,50.112756303626966,8.092378616333008,0.06169960494626329,0.007295021276341154
380,126,126,30,103.31995734406435,11.401395797729492,0.06088078341726936,0.011584653632720179
381,127,127,135,98.26538690477813,11.762252807617188,0.06090310505898005,0.011593783284326555
382,127,127,141,50.457131767279755,16.297971725463867,0.07024400730877078,0.0034694489090437985
383,127,127,128,89.18353248577608,10.743634223937988,0.05556738002377689,0.008730146938029107
384,128,128,127,104.95917305076864,12.216679573059082,0.06476906546790721,0.013924401802048295
385,128,128,127,101.92279620977168,11.4674654006958,0.06097053133183812,0.011621348301154605
386,128,128,127,99.68908988431623,11.589188575744629,0.06100202096720404,0.011623546195564622
387,129,132,132,100.53778854611707,11.484305381774902,0.06097562617089915,0.011623430237800898
388,129,129,134,98.93248960826367,10.91942310333252,0.05777343788181225,0.009858192554492055
389,129,129,132,98.78954157366724,11.578177452087402,0.06091005416569634,0.01159662497032532
390,130,130,524,100.86461057654142,11.160892486572266,0.06087075968476035,0.01158055318219229
391,130,130,129,92.10388942608847,10.618986129760742,0.05552604502214562,0.008713953689722713
392,130,130,129,91.65857985952668,10.586596488952637,0.055397456039576416,0.008664666202471687
393,131,131,134,89.14780737065604,10.74475383758545,0.05552666393185984,0.008715271314852231
394,131,131,135,98.0951542457809,11.764958381652832,0.06089330516316784,0.011589775243035071
395,131,23,562,99.28499199422895,11.456303596496582,0.05983322479701744,0.010990519582754467
396,132,132,975,91.79210575676915,10.666518211364746,0.055527913185823764,0.008715760829783637
397,132,132,131,122.79635299877582,10.15027141571045,0.059910962955899184,0.011027158367161723
398,132,132,131,223.10594833859523,35.441741943359375,0.1,0.0392156862745098
399,133,133,142,98.03761695137408,11.677011489868164,0.060874489182161075,0.011582078803993978
400,133,133,45,101.16604273273921,11.541061401367188,0.06088415653136987,0.011586033489631564
401,133,133,59,95.65805012188159,11.25930404663086,0.05882585509303123,0.010429067123944282
402,134,134,99,71.28437637751112,9.645219802856445,0.04891290036106002,0.005880411126980713
403,134,134,91,197.13920292352861,27.0545654296875,0.1,0.0392156862745098
404,134,134,99,62.65178598518052,7.995576858520508,0.041665136743388315,0.003590852641461355
405,135,135,85,91.98812976954018,10.578511238098145,0.05555773031417706,0.00872744249367445
406,135,135,142,97.64143819892439,11.752687454223633,0.060902447620219735,0.011593514340617811
407,135,135,141,106.65560207354618,10.546321868896484,0.06089033374061506,0.011588560120890191
408,136,136,8,108.31612966496556,9.801750183105469,0.05551907154285259,0.00871229713012455
409,136,136,82,98.68310330680588,11.71995735168457,0.06105095441567462,0.011654201381313564
410,136,136,8,99.06029942920988,10.251123428344727,0.055545513448510865,0.008722656113197749
411,137,137,80,98.49033805073127,11.5571870803833,0.06092778105780364,0.011603873359860871
412,137,137,150,95.50619932671948,11.208484649658203,0.0588883939277088,0.010454474138634276
413,137,137,136,57.94130300391544,10.848934173583984,0.05589251364689399,0.005290805703385283
414,138,138,272,96.958989627179,11.74515151977539,0.0607953249637434,0.011549681809746904
415,138,138,80,97.85164321986935,11.765786170959473,0.06080483423795325,0.011553574739450484
416,138,138,383,98.91750897431636,11.388854026794434,0.05990508273408625,0.011019859289517365
417,139,139,135,93.65433177426434,11.41767406463623,0.058873888594836894,0.010448581828215096
418,139,139,141,102.06992562074964,11.04332447052002,0.059852146279568794,0.01099824658939446
419,139,139,141,93.94598244717682,10.341742515563965,0.05548407651460754,0.008698588990857656
420,140,140,142,90.1766664231377,10.69572925567627,0.05556691565166955,0.008731041310702882
421,140,140,142,86.82690321393756,10.831740379333496,0.055553706772551024,0.008725866013759173
422,140,140,2,100.38132164871043,11.586573600769043,0.060933281241253266,0.011606122185857153
423,141,141,142,86.81320813283685,10.868383407592773,0.055626572330390325,0.008754418173155774
424,141,141,142,91.78037906553503,11.251853942871094,0.05784389935881966,0.009886577426188842
425,141,141,143,97.57067491850665,11.363921165466309,0.05987752785520886,0.011008610322725872
426,142,142,132,98.60073192849194,11.642148971557617,0.060931601454813016,0.011605435299022082
427,142,142,133,98.0611198937187,11.757859230041504,0.06090464119684188,0.011594411375254673
428,142,142,140,83.84179683025849,10.295928955078125,0.0530784766759969,0.007575705063482006
429,143,143,141,89.11994028154551,11.077486991882324,0.05664434042813933,0.009278404357539492
430,143,143,100,108.87149861925985,10.149665832519531,0.057779622060327045,0.009860683946374866
431,143,143,91,103.9664501335225,10.025052070617676,0.055473058088182606,0.008694273276828177
432,144,144,98,86.85494971124696,10.873528480529785,0.05554027399557372,0.008720603232140623
433,144,144,134,90.46490740033232,9.442057609558105,0.050414527826997964,0.006453615767702113
434,144,144,484,87.90534404746813,10.846977233886719,0.05551988540841712,0.008712615906386102
435,145,145,96,92.80872397903093,10.634733200073242,0.05553758982388477,0.008718476010198463
436,145,145,145,27.84034861817943,15.850438117980957,0.1,0.0392156862745098
437,145,145,525,103.51767514720395,11.96249008178711,0.06379120000846152,0.013324356883576763
438,146,97,100,76.58442073149585,9.856876373291016,0.05033084536839091,0.00642433067084567
439,146,146,181,64.2320964020333,7.669838905334473,0.03924737651795476,0.0032401178109015827
440,146,146,21,91.99046859581225,10.991220474243164,0.05667746854736247,0.00929159332375653
441,147,148,148,13.577518381140012,4.318031311035156,0.09691837152085302,0.002530688102672834
442,147,147,148,99.71951998034936,11.140437126159668,0.05783341379731732,0.010301202934112644
443,147,147,360,101.5789564168342,11.491500854492188,0.06093138327902588,0.011605346269102815
444,148,148,150,7.4194352211559025,6.423356533050537,0.09094148064521856,0.0025504159115181087
445,148,148,133,86.83264916668296,10.889744758605957,0.055577534437615754,0.008735202076838498
446,148,148,264,98.57196563876911,11.732574462890625,0.06096352647516749,0.011618485477597928
447,149,149,150,24.47225570381992,5.633646488189697,0.06474351611157174,0.00367176323972483
448,149,149,390,100.18814075722042,11.652547836303711,0.060932232006929474,0.011605693146477188
449,149,149,296,87.14361905730964,10.879990577697754,0.05546200846576888,0.008689945509882068
450,150,150,360,57.84021726293971,8.085027694702148,0.04034322527678342,0.003414327764078677
451,150,983,983,103.84335150358403,10.154277801513672,0.05550769948072394,0.008707842189434004
452,150,150,460,99.43630634718438,11.623600959777832,0.060999088736489564,0.011622348536715784
453,151,253,253,81.12857365690566,10.077003479003906,0.051702304660412764,0.006986460948807956
454,151,195,246,97.11786680830235,9.674749374389648,0.05303221662510769,0.007558392619814815
455,151,104,104,57.847570186131136,7.889091491699219,0.03835340394443251,0.003112929968004531
456,152,228,228,10.493348377951964,2.6550800800323486,0.1146111398814599,0.01468903803692304
457,152,152,160,6.499448601219089,4.037351608276367,0.10082299494716901,0.0004577712196057824
458,152,156,156,13.957866040856022,4.918132781982422,0.08080164898756542,0.002215983430416673
459,153,153,851,110.81414559673239,10.501751899719238,0.062151572589451344,0.011122860267303327
460,153,153,204,91.22686846340663,10.553922653198242,0.0555244437735562,0.008714401741844329
461,153,153,187,98.14738278167356,11.080965042114258,0.06240242925895135,0.011255879573934341
462,154,154,266,100.47837585646198,11.493578910827637,0.06087755087978337,0.011583331298864328
463,154,154,187,98.85169012962768,10.251842498779297,0.05549822046716673,0.008704129256835145
464,154,154,261,92.46412366052495,10.617318153381348,0.055480056367474814,0.008695939986771175
465,155,155,260,86.80725325032823,10.858482360839844,0.05550478024329452,0.00870669881345586
466,155,155,204,90.31146603223233,10.617287635803223,0.055564647027790195,0.008729076126707577
467,155,155,204,119.21818835817656,9.373387336730957,0.055529515604683784,0.008716388578179572
468,156,156,219,100.13518029858865,11.597445487976074,0.060942162219169406,0.011599090111663522
469,156,156,152,80.2875264490037,9.935096740722656,0.04763126649226906,0.006360867815931828
470,156,156,215,82.70846678275798,10.367250442504883,0.049664845028708104,0.007134565698898011
471,157,157,259,32.697059268463015,8.997426986694336,0.07303300396122527,0.0012581231902897769
472,157,157,155,99.5494002008486,11.62817096710205,0.06096342680415176,0.011607779848191974
473,157,157,152,107.0507486110998,10.008255004882812,0.05923230884335202,0.009570861300360747
474,158,158,151,89.56302655549827,10.67066478729248,0.055473943439049454,0.008694619970982798
475,158,158,253,58.72149458118155,8.075067520141602,0.04168002599341014,0.003594638925562714
476,158,245,245,87.34776166717168,10.787721633911133,0.05563338422629723,0.008757087680379472
477,159,159,191,56.34468377209164,8.639617919921875,0.067147458043549,0.009346573788170292
478,159,159,274,97.30791612069801,10.298933029174805,0.055483021424276455,0.008698175682466065
479,159,211,211,104.40818894706202,10.21554183959961,0.05673464587585162,0.009312839580232646
480,160,160,232,94.8369279555621,11.349349021911621,0.058798074066830484,0.010423122101607767
481,160,169,169,30.906981777591447,6.174213886260986,0.07301454400991006,0.00599421609739224
482,160,160,228,90.59970243716063,10.258326530456543,0.054301076179722386,0.008141103985451634
483,161,161,264,87.92390239128514,10.749557495117188,0.05549742867216147,0.008703819110022909
484,161,161,167,29.842124504521113,3.9258015155792236,0.03730161431802506,0.0006460239324552995
485,161,161,162,97.04323747078112,10.359445571899414,0.0555598136020727,0.008728258842525354
486,162,273,270,91.77182995688936,10.554640769958496,0.05558750803586803,0.008739110034769335
487,162,162,167,74.0557766899117,7.803615093231201,0.040223860727730966,0.003384481118290296
488,162,166,166,101.70189789069997,11.47944450378418,0.060956951243981504,0.011615797969418334
489,163,213,213,26.920334042252353,6.211376190185547,0.07284096283507303,0.005945851525997167
490,163,163,168,30.98280766197697,5.552391529083252,0.039104172699906035,0.0020906626789268766
491,163,163,159,11.832239470864568,5.449375629425049,0.06919901261406089,0.002736725969159329
492,164,162,161,97.48355079149655,11.625994682312012,0.06091874952692825,0.01160018062608209
493,164,164,214,99.10544563279538,11.283421516418457,0.059953595814164505,0.011039658163357901
494,164,164,214,121.87145837489088,10.056498527526855,0.06188344326801552,0.01216874844825568
495,165,234,234,66.28062865097426,7.641880989074707,0.037550335037638057,0.002988911285584192
496,165,165,234,102.12975088697134,12.041837692260742,0.0676295890544941,0.014360949897390535
497,165,236,236,58.202249598385066,8.1962890625,0.03212846476853991,0.0028932257468172254
498,166,493,699,11.712718745529557,2.449308395385742,0.11462727521457601,0.018818965578360998
499,166,161,161,54.54624297877014,8.533275604248047,0.06578404538296917,0.008791346848802152
500,166,166,162,53.734091258153676,7.6227617263793945,0.0599099250809708,0.006686603948394041
501,167,167,160,11.167207772922495,5.227214813232422,0.10360896123881995,0.003961571437648713
502,167,166,166,102.97026237181645,11.400215148925781,0.06096118583011326,0.011606863997136875
503,167,167,164,21.484179078294286,5.806965351104736,0.10163866568639171,0.004642254643369774
504,168,168,163,111.12802538077004,9.646242141723633,0.05548167461666844,0.00869764823353823
505,168,159,385,96.01233076149238,11.316082954406738,0.058832379772653216,0.010431718101017312
506,168,245,245,89.55245990499371,10.682916641235352,0.05553875560780666,0.008718932827810732
507,169,169,249,59.66224469856616,8.216797828674316,0.04384490987857976,0.003885391062934826
508,169,176,171,97.72649159745762,11.732419967651367,0.06092170765833814,0.011601390230898033
509,169,169,222,26.55446552019765,6.228448390960693,0.07277463625499249,0.005927374566296414
510,170,177,177,109.24108034095661,11.698132514953613,0.0647406834429819,0.013912237662852666
511,170,170,202,99.57688456032656,11.605224609375,0.060949339731720856,0.011612686912833112
512,170,170,175,84.18191880950036,14.908120155334473,0.09260089878683932,0.016558636225646548
513,171,171,211,91.20013088892756,10.659928321838379,0.05556389981522226,0.008729859827108409
514,171,171,180,93.8143831674222,10.467101097106934,0.05551154179372871,0.008708272342948669
515,171,171,191,86.78186088917231,10.866144180297852,0.05551810588674719,0.00871191888945309
516,172,172,158,101.98749244018147,11.516708374023438,0.060904822397335134,0.011583827108459337
517,172,172,291,100.00984803520494,11.336674690246582,0.059881120259657854,0.011010077025658566
518,172,171,523,87.68662991767572,10.775825500488281,0.055559956273210614,0.008728314727936795
519,173,173,253,83.1298142232198,10.347417831420898,0.05293207692898461,0.007520945198274752
520,173,173,97,87.93115006956222,10.647346496582031,0.055514284641743086,0.008710421830848039
521,173,173,268,102.3507195974527,11.500138282775879,0.0609237674116761,0.011591571889828869
522,174,174,225,89.97963261370987,10.6023530960083,0.055593829331019244,0.008740509926441646
523,174,174,195,7.857825085238766,5.158956527709961,0.06390341834452146,0.0014931313859373315
524,174,174,355,61.9239715758687,8.008421897888184,0.06523179290907975,0.008598833740522997
525,175,191,191,76.1069172063624,8.814451217651367,0.0387974381156289,0.004089616038171859
526,175,175,202,18.849007126406324,4.971053123474121,0.08338938625864087,0.0031412315503232674
527,175,175,226,8.18999369270553,3.577545404434204,0.10910817139104739,0.002564967183403266
528,176,176,171,87.61788642187842,10.759449005126953,0.0555037766949071,0.008706305721199875
529,176,176,188,99.6290927820717,11.604146003723145,0.06046831504648986,0.011543473038607015
530,176,176,168,29.65592866627653,4.9091267585754395,0.05765155239951762,0.0021154069521530997
531,177,177,170,43.55937867430599,6.916010856628418,0.029714026228531035,0.0018368890093917178
532,177,181,181,86.72820802301635,10.876043319702148,0.05559385279136806,0.008741596114182144
533,177,177,170,71.32447745994413,8.814241409301758,0.03882916061083163,0.004099427091104647
534,178,178,354,93.69623167101862,10.49459171295166,0.055607618537796756,0.00874699036690554
535,178,178,209,87.47027425547671,10.772092819213867,0.05553890048235798,0.008720065279024903
536,178,178,537,103.15036618801423,11.363420486450195,0.060465437681030784,0.011542287103131897
537,179,237,237,90.18524541953232,10.6849365234375,0.05554148807126798,0.008721078936303053
