1655,551,551,492,22.943682367878097,3.3638272285461426,0.09311407085669109,0.9997084328998722
1656,552,552,643,34.716700289244834,5.505838871002197,0.03183565072514248,0.9993342470395671
1657,552,424,409,37.61783254735497,5.520409107208252,0.03181942589092375,0.9993338678146606
1658,552,552,911,59.073994861706446,6.743983268737793,0.0397881165098825,1.9993892427766293
1659,553,553,760,39.24680058079553,5.502633094787598,0.03183095710505766,0.9993341391233264
1660,553,553,420,38.897871285512,6.373367786407471,0.024564458127834227,0.999108030505688
1661,553,553,493,25.11849560556891,8.303242683410645,0.047702198970584364,0.9998644461158744
1662,554,554,536,48.375783615408686,7.496031284332275,0.03525441334560143,1.9993105457464482
1663,554,554,625,29.21908760239641,5.467012882232666,0.033057669962911304,0.9993626542791562
1664,554,554,694,33.694736212794794,5.447162628173828,0.03302850256358962,0.9993620304370346
1665,555,555,555,62.3704724552799,15.488842964172363,0.1,1
1666,555,555,864,49.10183767826813,16.70380401611328,0.07098087182530947,1.999965454698642
1667,555,555,554,37.29261680045424,5.522300720214844,0.031819784888193176,0.9993338763092189
1668,556,556,980,55.37615797092969,5.988096714019775,0.03612719321352774,0.9997714878315598
1669,556,556,894,30.467231827275523,6.213434219360352,0.05513021316333411,1.9995439522804337
1670,556,548,564,19.210788397799643,4.813719272613525,0.0721385107544807,0.9996418026761248
1671,557,557,733,27.763399125577553,5.192843437194824,0.03715134180964287,0.9994396431143227
1672,557,557,557,27.803783790921464,17.065893173217773,0.1,1
1673,557,557,733,47.49953055998313,7.030707359313965,0.0397605949392606,1.9993887433680875
1674,558,882,807,34.90129077548894,5.730960845947266,0.030078360746204014,0.9992891885022914
1675,558,558,553,51.675094298160154,16.060771942138672,0.1,1
1676,558,558,683,270.49131063124383,4.482182502746582,0.019428882424667795,0.9988757169387589
1677,559,877,877,38.67992134571309,5.511390209197998,0.03183246208491292,0.9993341726463559
1678,559,523,523,39.60026118478127,5.456009387969971,0.03182815047367487,0.9993340718580724
1679,559,983,983,46.72946252161157,5.439019680023193,0.03182643393120011,0.9993340334481146
1680,560,560,812,44.60008722601779,15.498563766479492,0.1,1
1681,560,560,981,48.0773670153761,5.135436058044434,0.03305128749474854,0.999362517987141
1682,560,560,560,88.03342141421392,12.868705749511719,0.1,1
1683,561,561,461,47.40067653231984,7.0214080810546875,0.039808679119372706,1.9993896151744488
1684,561,561,444,28.351434912956485,5.613466262817383,0.03182789312496213,0.9993340675686623
1685,561,561,661,65.89170115240162,5.214585304260254,0.03183319656485524,0.9993341897369905
1686,562,562,913,41.71364124150297,7.185089588165283,0.03923496502267236,1.9993805902373079
1687,562,562,978,42.6190827627363,5.45713996887207,0.031843028121343146,0.9993344192817638
1688,562,562,562,60.29388650969166,15.464899063110352,0.1,1
1689,563,563,432,31.37848878826047,5.357374668121338,0.03435045004392021,0.999390085342844
1690,563,563,418,60.790115261530076,4.642894268035889,0.033020213286395636,0.9993618528164592
1691,563,563,875,68.74939568290522,4.7308173179626465,0.03302257753369337,0.9993619034719674
1692,564,564,831,47.493316301562835,6.888779163360596,0.04035559790003388,1.9993978360860214
1693,564,999,764,26.493031184017024,5.633603572845459,0.0318140149141163,0.9993337412512324
1694,564,564,564,95.66320352481932,18.28876495361328,0.1,1
1695,565,565,565,52.5172302972012,15.938196182250977,0.1,1
1696,565,582,582,53.9999580335597,5.5873799324035645,0.029824118012653424,0.9992822386409312
1697,565,565,565,22.670847017732243,11.270724296569824,0.1,1
1698,566,566,752,21.256608804508687,10.622702598571777,0.09446096784521826,1.9999784695014293
1699,566,566,61,34.752340352489874,5.5433759689331055,0.03182035587895301,0.9993338896609055
1700,566,566,887,47.97874036547709,7.532327651977539,0.035442394180303406,1.9993141493741213
1701,567,567,567,56.99483151858586,13.991250038146973,0.1,1
1702,567,818,818,14.425380878415854,1.7015912532806396,0.10474620049272022,0.9997572462766603
1703,567,567,544,44.71899235255811,5.328601837158203,0.03184021963051588,0.9993343537155185
1704,568,283,230,78.97961875221658,4.875777721405029,0.03305574141627184,0.9993626303821739
1705,568,982,982,27.712660277219108,5.595891952514648,0.03185150615810629,0.9993346170572092
1706,568,715,715,30.10483206224719,5.56160306930542,0.032026050665516,0.9993388163410677
1707,569,820,547,59.82743690555073,5.064477443695068,0.03331269578675288,0.9993682960720149
1708,569,569,603,41.176661475941714,5.473304271697998,0.03182756476978199,0.9993340581592348
1709,569,569,757,38.15469277247004,5.533968448638916,0.031831905221067325,0.999334159575906
1710,570,643,643,54.468489820542345,4.942200183868408,0.034827689635665265,0.9993994972842036
1711,570,691,691,25.428042931399506,5.526692867279053,0.03303076170563298,0.9993620788280502
1712,570,570,447,28.792824674367054,5.4595441818237305,0.03318761216325143,0.9993655583870423
1713,571,571,571,54.18341325418719,15.443631172180176,0.1,1
1714,571,571,571,46.60813450067431,19.690977096557617,0.1,1
1715,571,571,571,73.65589783112921,14.667562484741211,0.1,1
1716,572,572,711,37.49643937792569,8.17756462097168,0.05354537032333465,0.9998708136371547
1717,572,572,966,51.93937450800294,10.288520812988281,0.06622655146733934,0.9999218593544376
1718,572,896,896,27.17244724431129,5.619266986846924,0.03183353282694787,0.9993341993599153
1719,573,573,573,53.01034270500206,14.294598579406738,0.1,1
1720,573,573,870,37.38475699616161,6.327491283416748,0.02486865412369134,0.9991200185216595
1721,573,573,573,43.769635637463054,15.15900993347168,0.1,1
1722,574,574,574,59.553432676361766,15.628952980041504,0.1,1
1723,574,574,429,31.84480890791932,5.731706619262695,0.0302020715121649,0.9992925305180168
1724,574,574,971,29.33465664907436,5.893064498901367,0.02888314882823458,0.9992555098506145
1725,575,575,575,33.722366911236676,16.678375244140625,0.1,1
1726,575,864,864,41.351503034777515,5.487245559692383,0.0318304630173277,0.9993341258831453
1727,575,803,803,36.23780336644279,5.520635604858398,0.03181816064959871,0.9993338383176198
1728,576,576,576,46.893240472200624,16.160566329956055,0.1,1
1729,576,576,415,60.95968591391216,6.619352340698242,0.04132487918678279,1.9994120222778982
1730,576,576,776,53.26873795319811,5.193877696990967,0.03358711282255219,0.9993742275968999
1731,577,695,695,31.982232653316355,5.561882972717285,0.03184503683243237,0.9993344661558812
1732,577,577,494,69.48517298882571,4.59470796585083,0.03724106187227194,0.9994410104917729
1733,577,577,849,29.646583095454734,5.240476131439209,0.035531962772525794,0.9994126475417685
1734,578,578,601,44.29819807417388,5.477193832397461,0.031175511312809382,0.9993179176001479
1735,578,421,421,39.30873194825223,5.378662109375,0.03305845925111431,0.9993626884062378
1736,578,578,775,28.817521001497813,5.629356384277344,0.03157900447967262,0.9993279934584461
1737,579,579,881,58.168570791577274,6.502902030944824,0.04128041270037354,1.999411335873475
1738,579,579,881,58.957228355578906,6.783853530883789,0.039784734783924136,1.9993891814260767
1739,579,579,881,38.18481556300429,5.36591100692749,0.033048184955212195,0.9993624516773433
1740,580,580,755,40.03515741568179,5.687073230743408,0.029686441513661874,0.9992784262936821
1741,580,580,491,25.67215393811195,5.513988971710205,0.03303783183893948,0.9993622302327156
1742,580,580,985,47.294994797241316,7.0254225730896,0.03979844458662962,1.999389429871785
1743,581,581,581,60.25378670980274,15.486037254333496,0.1,1
1744,581,839,839,32.568002791932045,5.56049919128418,0.03183859929066194,0.9993343159347723
1745,581,581,661,35.63299046162456,5.5144124031066895,0.03184452151493361,0.9993344541590993
1746,582,825,46,29.670315438581635,5.669310092926025,0.030928202346043602,0.9993116150820162
1747,582,692,692,50.71467884657315,5.082444190979004,0.03365289416306266,0.9993756304335929
1748,582,582,953,32.74092310611837,5.442065715789795,0.03307150907248082,0.9993629670707591
1749,583,583,999,26.476335762748626,4.896340847015381,0.06143889125297683,0.9996051231240566
