0,0,0,35,44.270382814396584,9.14394760131836
1,0,0,389,24.186191581951043,6.470086574554443
2,0,0,391,48.608638493225016,16.90485382080078
3,1,1,397,46.863652158406545,21.67163848876953
4,1,1,391,37.013466730062156,16.288867950439453
5,1,1,562,54.98357895539071,16.659839630126953
6,2,2,525,49.891795854747045,16.91133689880371
7,2,2,801,36.945800221914254,17.453577041625977
8,2,2,4,29.215012241583963,16.74878692626953
9,3,2,2,60.045355745306374,15.314766883850098
10,3,3,2,34.300948074257164,16.144424438476562
11,3,3,2,56.8809990276488,18.64978790283203
12,4,4,3,67.08575217910143,19.1420955657959
13,4,4,65,36.72094565552146,34.60385513305664
14,4,4,3,180.1608664396807,52.28421401977539
15,5,5,6,50.66589250458683,27.285079956054688
16,5,5,6,20.333367627434843,10.371705055236816
17,5,5,996,8.839362769646,2.828965425491333
18,6,6,5,36.290728126275056,16.152027130126953
19,6,6,475,49.6513644769155,16.8663330078125
20,6,6,5,31.443043251367442,17.614887237548828
21,7,8,8,33.16761870979701,15.886847496032715
22,7,7,8,95.79459833825543,18.915042877197266
23,7,7,8,52.45040114743106,15.858614921569824
24,8,8,7,57.36331614752096,16.33545684814453
25,8,7,7,69.64482451475514,14.08895492553711
26,8,8,7,51.237013604915916,16.70868682861328
27,9,9,355,52.828983363883275,17.89058494567871
28,9,9,138,79.75515956023501,15.738068580627441
29,9,9,299,35.48271007139155,16.199718475341797
30,10,10,15,23.254936430329003,10.863971710205078
31,10,10,13,37.93931920098206,16.464075088500977
32,10,10,19,34.648575890149154,16.250896453857422
33,11,11,19,80.4882969690765,15.49411392211914
34,11,11,19,40.17116726070752,17.267940521240234
35,11,11,18,36.895389601477405,17.626359939575195
36,12,12,10,71.28291902681053,15.334853172302246
37,12,12,94,42.15403983182476,16.515071868896484
38,12,12,10,54.57822694961437,21.658550262451172
39,13,13,20,51.213143178365,16.11309814453125
40,13,13,20,28.896918447319024,15.807019233703613
41,13,13,85,52.94243381011811,18.951353073120117
42,14,14,17,39.48173852212578,18.104434967041016
43,14,14,17,33.814807976078356,23.955703735351562
44,14,14,80,34.41100079780703,11.286099433898926
45,15,15,10,73.44523883712688,15.680390357971191
46,15,15,20,47.17704403051263,16.004636764526367
47,15,15,97,37.96474012681319,17.95294952392578
48,16,16,96,55.254989801373675,16.77515983581543
49,16,16,91,27.354241949236215,18.516496658325195
50,16,16,85,60.20118637337789,14.815742492675781
51,17,17,19,49.82942319617893,16.685291290283203
52,17,17,85,29.028954858011684,16.639469146728516
53,17,17,14,44.575814187300246,19.205514907836914
54,18,18,17,36.502507903539076,16.19300079345703
55,18,18,143,44.74494485041474,16.74191665649414
56,18,18,13,42.88021833272763,16.88905906677246
57,19,19,13,71.75293251349648,14.690969467163086
58,19,19,876,52.51050439887598,16.266393661499023
59,19,19,18,37.27950519087575,15.175182342529297
60,20,20,18,203.4822637877504,19.550031661987305
61,20,13,13,59.32293419782937,19.61052894592285
62,20,20,85,58.62429066675625,31.487136840820312
63,21,21,24,96.85992122106599,11.113103866577148
64,21,18,18,26.706088757404498,21.876943588256836
65,21,22,22,21.87668454866802,16.035783767700195
66,22,22,21,61.760574111094414,12.666325569152832
67,22,815,815,23.556850924732775,16.815185546875
68,22,23,21,59.43554471580574,12.983550071716309
69,23,23,8,43.79707742556523,15.69609260559082
70,23,23,390,37.203521919606644,16.5185546875
71,23,127,127,82.05096429759445,13.723648071289062
72,24,24,383,49.9803795626067,16.518346786499023
73,24,24,145,41.459421181505604,25.824495315551758
74,24,24,21,31.47492606881637,16.24939727783203
75,25,119,119,75.20009758936736,14.846632957458496
76,25,25,28,48.09812577377164,16.770214080810547
77,25,25,28,53.31634768729651,17.321292877197266
78,26,26,394,14.06247319344196,12.734471321105957
79,26,26,25,66.3718392388931,16.401039123535156
80,26,26,28,29.68791699682531,17.222972869873047
81,27,27,26,29.432361590980904,16.40711212158203
82,27,27,26,55.91346042948983,15.863186836242676
83,27,27,42,52.9583169235309,16.31376075744629
84,28,28,25,36.7079945705945,22.239765167236328
85,28,28,25,22.15756339935666,7.688089847564697
86,28,25,25,63.505384066128876,12.222399711608887
87,29,29,103,24.24343141719876,21.71523094177246
88,29,29,1,83.51514887482001,19.325471878051758
89,29,29,942,47.16547165821895,16.79164695739746
90,30,30,32,46.734334916748,14.797698020935059
91,30,30,32,81.08515925780807,14.171602249145508
92,30,30,32,35.120433500429634,17.05299949645996
93,31,31,32,26.17338590117562,15.799704551696777
94,31,119,119,97.44484969452797,33.544227600097656
95,31,31,47,59.93501355794501,21.386919021606445
96,32,42,39,38.218293589436676,19.221446990966797
97,32,30,30,4.7176346976339865,10.536402702331543
98,32,32,31,38.76170480587597,21.631752014160156
99,33,34,34,8.234690317607487,16.341569900512695
100,33,880,880,58.91299895646637,15.675989151000977
101,33,33,599,45.03550305323,16.91935157775879
102,34,34,49,72.83184413356899,70.39363098144531
103,34,33,2,10.444391820330933,17.327322006225586
104,34,34,33,39.27962442636696,16.82672119140625
105,35,35,36,29.74125040297117,16.634931564331055
106,35,37,37,33.56296737162713,15.79755973815918
107,35,35,36,67.48888848950018,26.07376480102539
108,36,36,35,53.387763390387754,15.011688232421875
109,36,33,33,58.82269385888366,19.084192276000977
110,36,34,34,18.024160777895233,10.405376434326172
111,37,37,35,54.73133403847542,16.60890007019043
112,37,37,36,71.7680565563556,13.27873706817627
113,37,37,113,40.76691202534745,15.935272216796875
114,38,38,32,26.99164407925375,9.673667907714844
115,38,38,562,93.93763725478273,21.89703941345215
116,38,38,318,60.32657726433138,12.353889465332031
117,39,39,48,51.55968608909977,15.152169227600098
118,39,39,46,40.41318486149007,16.871091842651367
119,39,39,48,46.970443272588405,16.656919479370117
120,40,40,46,61.512660174876345,22.045381546020508
121,40,40,46,34.99712050313902,17.5887508392334
122,40,40,46,61.50866755685487,14.887028694152832
123,41,41,44,38.47000208922278,12.645923614501953
124,41,41,26,59.939926645330075,25.78631591796875
125,41,41,44,39.839019010278264,18.74782943725586
126,42,42,48,33.77581842185769,16.365446090698242
127,42,42,39,72.97469578545834,14.248876571655273
128,42,42,46,93.59420744964211,12.860093116760254
129,43,43,337,7.741358015040605,2.77131986618042
130,43,61,61,34.11493159060893,15.720281600952148
131,43,43,32,45.054318656676266,16.321067810058594
132,44,44,41,38.494814996338164,21.23443031311035
133,44,44,61,59.27145897994146,15.939191818237305
134,44,44,60,37.05405123305397,16.044017791748047
135,45,45,303,51.15948418867547,15.00802230834961
136,45,45,329,45.03795262924872,15.517130851745605
137,45,45,38,48.11461685569174,16.37799644470215
138,46,46,40,37.65983057630839,16.184329986572266
139,46,46,308,50.62596861744523,15.588099479675293
140,46,46,50,56.73995379094628,17.129173278808594
141,47,47,46,38.512665900238005,19.160202026367188
142,47,31,31,34.961305651946866,19.452619552612305
143,47,46,46,34.708319966669954,16.210100173950195
144,48,48,296,54.03127542354866,16.528480529785156
145,48,48,114,35.51218545417127,16.354045867919922
146,48,48,39,30.939823340070575,16.813520431518555
147,49,977,977,24.664526703286057,15.598312377929688
148,49,49,50,35.7594060905854,16.353656768798828
149,49,49,50,36.93265519265999,16.23749542236328
150,50,50,49,46.26646429095031,16.411766052246094
151,50,50,49,59.12388114277687,15.902412414550781
152,50,50,35,47.66112686620595,16.778533935546875
153,51,51,386,22.428938264143703,3.4964044094085693
154,51,51,579,49.17928467113154,16.774900436401367
155,51,51,730,58.2070656167865,16.08609962463379
156,52,52,53,41.82879175018636,17.07561683654785
157,52,53,53,45.056022115188604,15.344405174255371
158,52,52,53,49.31226509085272,16.470945358276367
159,53,53,60,45.62360866236249,15.856917381286621
160,53,53,57,56.24126000177774,20.008752822875977
161,53,53,587,436.31338004805644,54.353450775146484
162,54,54,114,167.09765073288426,27.22252082824707
163,54,54,67,38.15052916006837,15.853355407714844
164,54,54,60,30.30175749614422,16.16947364807129
165,55,55,64,44.1175966903415,18.945249557495117
166,55,55,59,194.62062087034533,94.75077056884766
167,55,55,64,30.71743377554677,16.41049575805664
168,56,56,65,44.71775796313818,16.385358810424805
169,56,56,61,60.99534407932529,15.663063049316406
170,56,56,60,53.79327265823908,15.99141788482666
171,57,57,52,98.32157487179725,24.091907501220703
172,57,57,61,43.7306399130889,14.994608879089355
173,57,57,52,64.48775637217518,18.436132431030273
174,58,44,44,20.519633797473475,14.91932201385498
175,58,58,395,35.87835112365378,17.969703674316406
176,58,58,65,44.75127783136198,26.469741821289062
177,59,59,55,22.121890329435228,16.084922790527344
178,59,55,55,8.524655432428661,16.78148651123047
179,59,55,55,56.31234878189388,15.343954086303711
180,60,60,67,41.327996545039376,15.917688369750977
181,60,60,58,31.56246282148073,16.53170394897461
182,60,60,53,37.1695575215398,17.11206817626953
183,61,61,62,46.00346976926308,15.81400203704834
184,61,61,62,47.72976431996533,16.54230308532715
185,61,528,528,53.70864042048226,15.549851417541504
186,62,62,66,12.893423162683742,5.278298377990723
187,62,62,60,12.102816445393715,5.414694309234619
188,62,62,61,12.12257050094177,5.223335266113281
189,63,63,44,43.306194708801414,18.761707305908203
190,63,63,58,47.38509812800081,15.760168075561523
191,63,63,363,37.75871160700729,14.26172161102295
192,64,55,46,29.375878654407845,15.17072868347168
193,64,64,55,34.11634777664598,16.44211769104004
194,64,55,55,28.993151948191777,16.58649253845215
195,65,65,58,64.15014879122525,15.535514831542969
196,65,65,123,58.30470968930717,16.63804054260254
197,65,983,983,40.32761898780931,21.177934646606445
198,66,66,995,42.849517133441246,16.107276916503906
199,66,68,68,17.8778233779862,5.620420455932617
200,66,68,68,35.21695334495018,18.928470611572266
201,67,54,54,38.130070723266336,14.25046443939209
202,67,68,68,32.317203409307396,20.214570999145508
203,67,67,64,54.508681335447,15.813568115234375
204,68,66,66,36.17470550595143,19.906423568725586
205,68,68,66,16.992174423835902,5.67643404006958
206,68,68,67,50.54837898205623,15.872695922851562
207,69,69,793,57.17296070794142,15.618271827697754
208,69,69,126,34.6648388627145,12.119247436523438
209,69,69,34,57.32504706327775,16.39558219909668
210,70,70,971,37.75520486954147,16.113555908203125
211,70,70,312,35.143703940394204,17.5412654876709
212,70,70,312,32.1586282209775,12.89844036102295
213,71,303,677,52.04237257737981,14.926661491394043
214,71,71,124,76.67143757507594,13.88629150390625
215,71,71,124,54.78092073353524,16.255483627319336
216,72,72,74,35.82200233389064,16.45149040222168
217,72,72,74,57.645534904348466,16.350576400756836
218,72,72,74,44.738881411253985,14.6160249710083
219,73,75,75,13.0960110578223,12.443979263305664
220,73,73,74,43.20417436333753,15.93094253540039
221,73,77,77,111.84412102908964,17.128124237060547
222,74,72,72,56.24684524655016,15.766701698303223
223,74,74,73,36.45035356329838,17.86281967163086
224,74,815,815,38.84281639535784,17.025957107543945
225,75,75,989,48.292271867024716,16.840742111206055
226,75,75,74,39.78135773087141,17.214933395385742
227,75,75,73,73.99568110304702,16.677326202392578
228,76,76,77,35.087770730871945,17.177566528320312
229,76,50,678,52.881660686093824,15.47741985321045
230,76,76,77,53.13007624593937,16.311307907104492
231,77,77,74,37.30621466988655,16.32074546813965
232,77,77,124,77.59320473386788,15.228303909301758
233,77,77,74,40.178571651182985,17.533302307128906
234,78,78,73,49.91276144837233,7.439632892608643
235,78,78,562,126.8365374804784,20.4709415435791
236,78,677,77,18.33314903531088,16.646020889282227
237,79,79,71,34.498304188328824,16.95701026916504
238,79,79,314,53.18167789997583,14.997322082519531
239,79,79,123,81.64537942902929,23.75004768371582
240,80,80,136,51.563976489280435,25.324901580810547
241,80,82,82,39.74791407012353,10.25304889678955
242,80,80,7,24.291068725406888,7.650050163269043
243,81,81,8,44.970497132236794,17.610065460205078
244,81,81,86,108.2781302461814,13.990104675292969
245,81,81,82,38.40098207095963,15.732806205749512
246,82,82,81,62.38212311567876,18.9925594329834
247,82,86,86,41.361363073971894,14.451717376708984
248,82,37,37,72.95354657973367,13.707147598266602
249,83,83,133,71.57693465586381,25.261106491088867
250,83,83,80,25.140241968804457,17.496803283691406
251,83,83,80,40.041242497588165,16.005403518676758
252,84,84,971,46.63210502813753,15.339468955993652
253,84,84,562,44.67038567887017,15.684864044189453
254,84,84,17,55.35323784920625,16.296710968017578
255,85,85,8,39.257502918994064,17.050037384033203
256,85,81,81,39.905460225849346,16.49604606628418
257,85,85,86,51.861564216138575,18.659591674804688
258,86,86,85,49.797867750492195,16.77446174621582
259,86,86,336,32.86955242509868,17.439762115478516
260,86,86,82,108.83490711460324,12.500121116638184
261,87,489,489,37.28887673163301,15.792474746704102
262,87,87,88,65.91172728174547,15.648180961608887
263,87,87,386,30.852466535265297,17.254905700683594
264,88,88,90,44.85576803370518,15.892679214477539
265,88,88,90,58.83604653821131,15.049260139465332
266,88,88,90,42.17909383377932,17.318241119384766
267,89,89,22,35.80858238150117,16.264543533325195
268,89,89,131,41.555222530497375,17.237518310546875
269,89,89,146,63.9917517620204,15.805274963378906
270,90,90,987,44.96957573614745,17.14198112487793
271,90,88,88,25.974077140597576,16.906665802001953
272,90,90,88,52.3862631600248,15.647037506103516
273,91,16,16,53.67815039651642,15.557496070861816
274,91,91,58,55.363376123474076,15.420662879943848
275,91,91,7,35.40812713972275,17.20412254333496
276,92,92,10,36.520262387153,15.788679122924805
277,92,92,42,44.22543025448122,14.763409614562988
278,92,92,17,48.03662770364502,16.33372688293457
279,93,93,96,44.65864792408993,16.884220123291016
280,93,93,145,35.649045565954864,16.48505973815918
281,93,93,96,58.511999735570875,15.147552490234375
282,94,94,12,49.05359950596205,16.233938217163086
283,94,94,142,39.0494522535231,19.685300827026367
284,94,94,114,43.53917701818928,15.970088005065918
285,95,95,94,32.72048605767719,16.56352424621582
286,95,95,92,38.20715796271087,16.737852096557617
287,95,95,94,42.78140592552247,15.999787330627441
288,96,96,93,124.3277544574473,52.66808319091797
289,96,96,90,59.87594625244816,16.201852798461914
290,96,96,93,36.534551261800836,16.195608139038086
291,97,97,120,38.989111373553065,17.46389389038086
292,97,142,99,22.0104671156164,16.583206176757812
293,97,144,144,25.842093935869862,16.30422019958496
294,98,98,97,28.364113640680053,10.059484481811523
295,98,98,137,37.17452757680524,16.571353912353516
296,98,98,97,42.32610140091215,17.429996490478516
297,99,99,100,58.67854606752107,15.883110046386719
298,99,99,80,48.598200876678334,16.293764114379883
299,99,99,97,52.43124888390841,16.350845336914062
300,100,100,99,31.934193884035793,17.256771087646484
301,100,100,143,34.72869150804375,15.804704666137695
302,100,100,143,31.705021515311625,16.386886596679688
303,101,101,385,32.18398718417697,16.61802864074707
304,101,101,386,37.05029574948296,16.270401000976562
305,101,101,386,48.10267210138186,16.451457977294922
306,102,102,839,40.36502797394549,20.28999137878418
307,102,102,334,35.4399545863786,17.259521484375
308,102,102,334,44.62405962604034,16.669315338134766
309,103,103,294,15.295204769584931,7.639216899871826
310,103,103,337,7.925666943740921,4.497159481048584
311,103,103,269,29.53775237608924,11.298110961914062
312,104,104,280,33.55003559135233,17.284147262573242
313,104,104,264,64.06632728341104,14.193253517150879
314,104,104,105,55.51217168188438,16.308216094970703
315,105,105,850,36.82630553337721,18.771331787109375
316,105,105,912,59.37452752134811,16.605098724365234
317,105,105,106,50.790175832510435,16.625268936157227
318,106,106,280,38.230737329851195,16.97488784790039
319,106,106,341,60.509563384410875,16.08770179748535
320,106,106,342,79.80301010923813,16.521726608276367
321,107,107,818,67.447716876091,16.162399291992188
322,107,107,117,40.83716985433511,16.5886173248291
323,107,107,971,44.570529932935,16.65902328491211
324,108,108,328,36.04322418624411,15.618070602416992
325,108,108,328,42.4312814807096,17.173397064208984
326,108,991,991,31.76176789839628,15.83331298828125
327,109,109,973,105.05043039627418,32.13788986206055
328,109,109,973,57.16505444286833,16.852310180664062
329,109,109,973,39.494355700634564,16.404781341552734
330,110,115,115,61.870604617493264,18.43665313720703
331,110,110,115,40.75994636123369,16.72898292541504
332,110,110,115,44.31641464249332,20.504539489746094
333,111,488,488,54.3584371088284,14.124248504638672
334,111,111,110,76.6022268825968,10.651914596557617
335,111,78,52,35.95625442687121,12.751494407653809
336,112,112,125,65.23271262901945,13.688606262207031
337,112,994,994,33.44062019160043,14.879701614379883
338,112,112,110,47.58455386796084,15.366615295410156
339,113,113,125,51.56153128737999,15.180278778076172
340,113,113,304,42.4964220136706,16.26132583618164
341,113,988,988,39.24605743930283,16.64621353149414
342,114,114,960,48.307897511746326,19.81922721862793
343,114,114,113,45.11925121435975,16.369537353515625
344,114,114,113,41.31356014592333,16.461938858032227
345,115,115,110,53.33761536009387,16.69808006286621
346,115,115,110,48.14555942618661,16.62657356262207
347,115,115,110,70.77083025329983,15.27523136138916
348,116,116,69,46.15621305928269,15.674450874328613
349,116,116,113,38.44995887986069,15.390018463134766
350,116,116,328,42.1376234844272,16.681123733520508
351,117,117,396,37.169536486279846,16.080602645874023
352,117,117,397,38.979906695530076,10.835676193237305
353,117,117,961,425.29550474161226,47.60562515258789
354,118,118,122,38.66614182745359,9.673003196716309
355,118,118,121,30.694794759488104,16.273393630981445
356,118,118,489,42.01515450949825,15.487865447998047
357,119,119,124,57.22342585026602,15.420889854431152
358,119,119,123,33.70756732230893,17.422964096069336
359,119,419,114,44.47080065712862,15.009591102600098
360,120,120,994,50.13431626741625,21.89374351501465
361,120,120,119,32.53142227013434,16.43478012084961
362,120,119,327,103.1271375339015,50.87919235229492
363,121,121,118,60.75780219661048,16.104167938232422
364,121,121,124,32.6089415984568,16.20507049560547
365,121,121,457,47.1099190072764,17.622472763061523
366,122,122,124,47.263168666923974,11.687714576721191
367,122,122,124,66.66239426000169,18.01478385925293
368,122,122,124,54.26633018742518,9.740141868591309
369,123,123,124,41.630122476661036,16.57008934020996
370,123,123,396,45.41943487909903,16.912601470947266
371,123,123,122,45.518086101449484,15.740473747253418
372,124,124,121,50.58634675579801,16.056503295898438
373,124,125,125,55.25077436956365,15.130779266357422
374,124,124,119,46.40003085117349,16.9713077545166
375,125,125,113,62.22470625195996,14.423996925354004
376,125,125,310,57.00513120666488,15.612552642822266
377,125,125,124,48.79422684584195,16.575786590576172
378,126,126,124,33.89482409431516,13.678995132446289
379,126,126,363,24.11892169793594,12.114470481872559
380,126,126,78,48.152730581421345,15.68021297454834
381,127,127,128,34.42866383368574,15.693424224853516
382,127,127,141,56.10096059899336,23.022594451904297
383,127,127,128,42.92150453378853,17.073101043701172
384,128,128,127,33.84361311382976,15.64073657989502
385,128,128,127,49.71347353822535,15.319195747375488
386,128,128,128,31.43975522702518,15.689645767211914
387,129,132,132,35.558052729904915,15.756702423095703
388,129,129,132,55.38828869420292,15.980645179748535
389,129,132,132,28.69790611870776,15.893787384033203
390,130,130,879,50.81344228421646,15.39132022857666
391,130,130,129,49.19720027642436,16.723480224609375
392,130,130,144,48.15827378304317,16.58823585510254
393,131,131,134,39.95012108919537,17.197107315063477
394,131,131,135,30.044199721431287,16.43671226501465
395,131,23,23,36.66945248719769,15.30876636505127
396,132,132,460,44.654919994078156,16.953123092651367
397,132,132,134,89.28154915162678,13.793859481811523
398,132,132,134,66.23590309565543,27.952850341796875
399,133,133,142,37.26890441849865,16.1484375
400,133,133,290,42.0334186339207,15.887242317199707
401,133,133,58,37.633459384802045,16.45233726501465
402,134,134,99,33.898205696732624,18.461061477661133
403,134,134,99,41.96277759206284,18.50360107421875
404,134,134,99,59.157393368860596,17.94193458557129
405,135,135,133,51.118001976401885,16.531335830688477
406,135,135,141,33.71809901715901,16.688152313232422
407,135,135,142,72.2751178652577,12.947352409362793
408,136,136,302,79.36021022233987,14.875049591064453
409,136,136,8,35.764918704076514,16.325878143310547
410,136,136,84,67.46286197369007,15.72765827178955
411,137,137,80,42.85336319296814,15.833939552307129
412,137,137,97,44.15386099145812,16.35352325439453
413,137,137,136,37.84267434594039,18.60776138305664
414,138,138,272,34.541183207885624,16.456851959228516
415,138,138,128,31.117714827609166,16.73310089111328
416,138,138,9,43.24952240722082,16.147756576538086
417,139,139,141,36.91938573857089,16.05850601196289
418,139,139,141,61.91878000223686,14.628752708435059
419,139,141,141,56.331991883505864,15.370288848876953
420,140,140,142,53.932227025764504,15.712422370910645
421,140,140,142,32.10010441688603,16.108097076416016
422,140,140,142,42.31637944557892,16.216135025024414
423,141,141,142,35.98654108980618,17.677764892578125
424,141,98,98,10.723841333768771,16.939979553222656
425,141,141,143,38.352827497793854,16.250629425048828
426,142,142,134,39.43180638105146,15.884480476379395
427,142,142,140,32.0135421082157,16.616188049316406
428,142,142,141,47.45738726568734,17.16333770751953
429,143,143,139,34.32291086405212,17.530187606811523
430,143,139,139,74.3636003747888,14.128190994262695
431,143,143,568,71.99258510852162,15.165362358093262
432,144,144,146,33.616908393295866,17.65802764892578
433,144,144,9,64.75722697596956,17.024612426757812
434,144,144,554,21.45961334684601,16.69359588623047
435,145,145,96,49.73695227770686,16.68315887451172
436,145,145,97,39.56261248422733,16.104076385498047
437,145,145,391,38.57962889403286,15.68887710571289
438,146,100,100,26.183514056643478,17.76993751525879
439,146,146,23,72.74657592297717,16.926124572753906
440,146,146,144,39.55444001958177,17.265249252319336
441,147,147,148,15.469567225302088,4.524186134338379
442,147,147,150,51.72470252344747,16.537376403808594
443,147,147,148,47.339856927036294,15.704195976257324
444,148,148,147,14.158524288835919,7.134462356567383
445,148,148,147,32.88048854360411,17.358427047729492
446,148,148,147,35.711397403391274,16.17486000061035
447,149,149,150,25.869912801309635,8.408896446228027
448,149,149,296,36.105021163256374,16.174013137817383
449,149,149,3,31.288791738412247,17.571388244628906
450,150,150,227,40.859810657860216,19.142032623291016
451,150,983,983,64.89137468109536,16.115747451782227
452,150,150,460,36.55519241402438,16.306459426879883
453,151,253,237,30.62846265485702,17.434120178222656
454,151,151,195,75.75251630095703,15.233417510986328
455,151,264,264,43.41683867325247,19.102279663085938
456,152,228,228,3.2383178506797368,2.1394095420837402
457,152,152,157,9.549185128817342,4.070888996124268
458,152,156,156,15.053214241709059,5.895874500274658
459,153,153,338,70.10380044331723,13.874748229980469
460,153,153,204,54.67625404758787,16.06219482421875
461,153,153,187,50.65055832573987,14.424869537353516
462,154,265,184,41.02295184207979,14.866510391235352
463,154,154,219,68.79409476281522,15.325998306274414
464,154,154,261,53.74960842939519,16.321325302124023
465,155,155,154,33.7530835439498,17.192310333251953
466,155,155,204,58.00071434362268,15.494877815246582
467,155,155,204,98.55400498920537,13.447286605834961
468,156,156,218,37.93982352173754,15.867016792297363
469,156,156,152,50.742050445934495,18.741756439208984
470,156,156,215,40.19815430912047,18.610410690307617
471,157,157,230,50.31118547039959,11.742281913757324
472,157,157,259,39.22716453820595,15.943384170532227
473,157,157,230,75.18863573862292,13.818342208862305
474,158,158,151,46.56468774716152,17.070514678955078
475,158,158,253,59.816707720702716,17.730712890625
476,158,245,245,22.499627539664417,17.15968894958496
477,159,159,184,16.186234755513457,11.224040985107422
478,159,274,274,58.004296171340734,15.649860382080078
479,159,211,211,67.53469247408685,15.253767013549805
480,160,160,205,38.87511934809666,16.491209030151367
481,160,160,267,25.94465353602765,8.207632064819336
482,160,160,355,55.77300305056203,16.468809127807617
483,161,161,253,36.59845800030741,16.959705352783203
484,161,161,166,43.41945568780799,10.065994262695312
485,161,161,218,64.12580377639324,15.742277145385742
486,162,180,180,43.082224808427554,16.323585510253906
487,162,162,253,66.48776610297203,18.383834838867188
488,162,162,166,43.36596220855342,15.91323184967041
489,163,207,184,16.50228191873485,7.944489002227783
490,163,163,168,37.314287587523744,13.561795234680176
491,163,163,211,17.106049359535138,7.690775394439697
492,164,166,166,24.422951407371823,15.925909042358398
493,164,164,210,50.06209203900278,15.274150848388672
494,164,164,191,89.02499033399246,12.004690170288086
495,165,234,234,61.309934481836926,18.532835006713867
496,165,234,234,24.221739800390004,14.313159942626953
497,165,236,236,64.13400103248513,22.820945739746094
498,166,729,493,4.99585357129795,1.842669129371643
499,166,161,161,12.108905177027532,11.58459758758545
500,166,166,162,38.22203002889837,11.577130317687988
501,167,167,169,12.748200704555991,5.123836994171143
502,167,166,166,43.639033222274975,15.223039627075195
503,167,167,166,21.401303944163537,5.731673717498779
504,168,168,163,86.45099237529999,14.46139907836914
505,168,225,225,28.2327519424068,16.393232345581055
506,168,242,155,34.11726775912657,16.71379852294922
507,169,169,231,51.52895249943512,17.020652770996094
508,169,169,176,34.67779683752712,16.33729362487793
509,169,169,222,21.338233641521956,8.127287864685059
510,170,177,177,47.76951881760935,13.963484764099121
511,170,170,202,35.98161028708271,15.990461349487305
512,170,170,177,29.008364912006357,13.782227516174316
513,171,171,211,50.35193651507271,16.681896209716797
514,171,166,166,48.20196498806684,16.20449447631836
515,171,171,104,12.234185474241816,17.249048233032227
516,172,172,173,47.400204869991526,15.853678703308105
517,172,176,291,39.587781105631926,15.500837326049805
518,172,171,171,27.288047541439642,16.811384201049805
519,173,173,215,36.66045324369467,17.424509048461914
520,173,173,172,51.14776870222758,15.886164665222168
521,173,173,171,47.09124930716883,15.736913681030273
522,174,174,273,54.596157246975395,15.989513397216797
523,174,174,249,16.247554955736383,8.147947311401367
524,174,174,248,43.054934613482395,10.919188499450684
525,175,184,184,47.677455299161494,21.40879249572754
526,175,175,226,20.6308314600961,5.915969371795654
527,175,175,226,9.174912825606462,3.3339426517486572
528,176,176,172,43.57673200494838,16.87972068786621
529,176,176,181,40.705039054265875,16.29257583618164
530,176,176,159,33.224220658670085,8.005755424499512
531,177,177,170,47.29685654559864,22.67364501953125
532,177,9,9,11.929087760375012,17.190185546875
533,177,177,170,60.16109310328325,21.17943572998047
534,178,385,385,49.279988035271494,15.95948600769043
535,178,178,209,38.63223044071997,17.09067726135254
536,178,209,209,43.94630641053644,15.548027038574219
537,179,227,76,35.08133206520354,16.677797317504883
538,179,179,180,44.40194059224485,17.510652542114258
539,179,179,180,52.07412166205226,17.3037052154541
540,180,223,197,43.44008436412026,15.768230438232422
541,180,180,179,40.512096911037226,12.790797233581543
542,180,179,179,7.394283601301441,16.43552589416504
543,181,181,266,54.410947880511294,28.371469497680664
544,181,181,178,89.87292762400097,17.125822067260742
545,181,189,189,30.0008640258618,16.37798500061035
546,182,170,170,22.318272197928692,11.412924766540527
547,182,254,254,58.784559543926406,15.345823287963867
548,182,182,621,60.5839501346558,15.189865112304688
549,183,183,197,32.23116538946778,14.81429672241211
550,183,183,189,242.4805649283123,73.25682830810547
551,183,183,267,50.239616900954196,10.477888107299805
552,184,184,191,43.68250855365395,16.670795440673828
553,184,184,189,30.581225411998258,17.35495376586914
554,184,184,193,63.23024305913151,16.06151008605957
555,185,203,203,9.631175190765749,16.38675308227539
556,185,185,186,20.885691777211974,7.6899189949035645
557,185,189,189,45.65151917516063,16.270383834838867
558,186,186,192,44.893609767017836,16.493663787841797
559,186,187,201,25.080814783165813,15.512565612792969
560,186,186,185,41.46706732716846,15.833036422729492
561,187,201,201,75.5781261736859,19.53961753845215
562,187,187,192,29.88126322857356,15.706369400024414
563,187,7,7,76.63934999322954,19.656665802001953
564,188,198,196,10.94536803957353,6.638625621795654
565,188,188,217,28.623384088408063,7.150550365447998
566,188,188,189,87.9076739017392,34.77683639526367
567,189,189,191,34.36239621914886,8.703441619873047
568,189,203,203,20.054437068669067,8.787629127502441
569,189,189,191,65.95429154993172,15.97791862487793
570,190,190,194,16.248774267096817,3.7070999145507812
571,190,222,222,40.29158210673665,9.483442306518555
572,190,190,203,40.47986885019291,16.71041488647461
573,191,191,184,34.990709634589635,17.10708999633789
574,191,193,193,58.52242430951083,15.009270668029785
575,191,191,189,47.834149619489345,16.731821060180664
576,192,192,182,50.47799741812131,15.542718887329102
577,192,192,203,30.245271884176873,17.393505096435547
578,192,192,792,62.05793690184866,15.993400573730469
579,193,187,192,48.22182475440264,14.949716567993164
580,193,193,186,33.64618401380651,16.481449127197266
581,193,198,198,57.37537567938858,18.496522903442383
582,194,194,153,23.804361047802548,11.25989818572998
583,194,194,190,5.677518030407206,2.466343879699707
584,194,266,266,36.00546052524212,18.647186279296875
585,195,195,245,27.74451753063472,15.315091133117676
586,195,245,245,54.222848575838945,16.049026489257812
587,195,750,721,61.221546095586,16.88694953918457
588,196,217,217,48.74601282973605,19.082687377929688
589,196,366,366,27.640887462987628,15.794276237487793
590,196,196,198,67.60239125816064,14.39257526397705
591,197,197,233,29.157471855330037,15.720478057861328
592,197,197,205,46.54279414532597,17.927536010742188
593,197,198,198,27.65319106235092,15.903863906860352
594,198,197,197,59.58450733308336,15.666550636291504
595,198,197,197,22.367048612001145,6.916573524475098
596,198,196,196,10.16212124677018,6.419370174407959
597,199,199,197,42.78806371516235,15.700305938720703
598,199,199,192,43.37910637106642,17.08941650390625
599,199,580,410,27.512388545703057,7.699093341827393
600,200,200,175,64.30701741636369,18.195344924926758
601,200,200,204,66.15112024579722,13.759531021118164
602,200,200,155,30.37364428758703,6.423990726470947
603,201,193,193,28.48018633334644,15.76312255859375
604,201,182,182,37.14887083897672,15.5489501953125
605,201,201,193,45.01169032444622,15.767341613769531
606,202,202,184,48.55177364280279,15.26740550994873
607,202,202,194,55.158224203252125,14.942745208740234
608,202,202,229,51.379218603950996,15.9273099899292
609,203,153,265,16.370332807308888,25.375173568725586
610,203,203,192,82.3416252598287,13.797416687011719
611,203,203,189,33.20130212563037,17.603656768798828
612,204,219,219,63.10756589569306,16.556604385375977
613,204,155,155,28.611263118938528,16.28531265258789
614,204,204,155,31.46404623333813,16.22625160217285
615,205,205,219,61.879308772241544,15.453536987304688
616,205,205,197,42.31158771485506,15.71596908569336
617,205,197,197,44.39259421893616,16.67861557006836
618,206,206,221,52.938151497844814,16.455686569213867
619,206,267,267,115.31638258816848,12.943244934082031
620,206,850,824,64.02200842310364,17.83677101135254
621,207,207,257,105.70627479719742,15.241898536682129
622,207,207,208,30.215582142149238,16.62225341796875
623,207,207,257,83.47418528817217,13.347606658935547
624,208,234,753,41.00264603790634,16.396711349487305
625,208,208,284,86.10909764775447,14.328125953674316
626,208,208,209,35.95648781264921,16.0527400970459
627,209,209,211,45.08906007267534,16.88534927368164
628,209,209,211,39.33268483261454,17.039321899414062
629,209,209,568,138.52064533968945,42.80338668823242
630,210,210,562,73.6949890506192,26.58384895324707
631,210,210,209,32.252553527347374,9.57944393157959
632,210,210,215,90.91472910374384,11.300671577453613
633,211,211,168,17.293743203326052,6.6691107749938965
634,211,211,168,45.72295234017447,16.383201599121094
635,211,562,562,23.55965338772823,15.751631736755371
636,212,205,205,19.829080749138566,7.633995532989502
637,212,212,219,38.43783033544524,16.961217880249023
