0,0,0,428,46.95129955481267,5.829518795013428,0.0604208348402294,0.004673489269949465
1,0,0,0,48.38777154460244,7.875472068786621,0.10167531274892053,0.01928720958162345
2,0,0,391,90.41210611092968,10.668048858642578,0.05555590197250419,0.008726726183890008
3,1,397,125,64.46583784631271,8.948708534240723,0.038734912280644504,0.004070315553134467
4,1,1,1,23.0623580502524,16.038436889648438,0.1,0.0392156862745098
5,1,1,327,95.06789491149038,10.51046085357666,0.05552763713368677,0.008715652696866472
6,2,2,148,91.3565043749142,10.638300895690918,0.05549407440618544,0.00870250516641588
7,2,2,150,88.03907387699472,10.843063354492188,0.0555464309993401,0.008723015606905114
8,2,2,3,98.30408842823073,11.782598495483398,0.06096208831053304,0.011617897720389583
9,3,3,2,109.603788566393,11.024036407470703,0.06090301710532132,0.011593747450387333
10,3,3,2,100.83504242423645,11.883033752441406,0.061764976661746886,0.012120321454798348
11,3,3,2,85.16482564512872,9.853519439697266,0.04760203685355635,0.0063500968830563845
12,4,4,3,91.4256442989025,9.337259292602539,0.045592203732403275,0.005688780430040591
13,4,4,562,203.54863705138024,45.636268615722656,0.11336524830914438,0.0392156862745098
14,4,4,329,286.54290927265447,57.13450241088867,0.1,0.0392156862745098
15,5,6,6,44.46445588528822,6.7726311683654785,0.02425449744573417,0.0014953709337824361
16,5,5,6,28.452968615959044,6.416000843048096,0.06032047342706983,0.00466285674917105
17,5,5,854,8.080308380208864,3.1441922187805176,0.11238571572071865,0.006269606325138
18,6,6,125,99.57612782628836,11.65488052368164,0.06092130334261678,0.011601225043811208
19,6,6,909,91.8385349505263,10.633563041687012,0.0554016014951372,0.008666289624993363
20,6,6,5,86.58708438265379,10.901865005493164,0.05563746172083391,0.008691263417450485
21,7,8,8,98.47474115602944,11.414816856384277,0.05990049148074818,0.011022883440459864
22,7,7,8,227.0215069512694,28.1829891204834,0.1,0.0392156862745098
23,7,7,8,88.14638700563374,10.338628768920898,0.05680799760381343,0.008402872770044912
24,8,8,8,79.59060991639227,13.362146377563477,0.07541511159815514,0.008720236200787917
25,8,7,7,115.06523309806197,10.961606979370117,0.0628384406071988,0.012749451830237912
26,8,8,7,89.27622636859343,10.369688987731934,0.054353956489181565,0.008156794998466662
27,9,9,177,52.13036399549167,15.086235046386719,0.07977182272230382,0.0051854127341227005
28,9,9,9,73.93918511603964,15.455398559570312,0.1,0.0392156862745098
29,9,9,374,98.84204664592228,11.622748374938965,0.060806697721279446,0.011554337770086562
30,10,10,397,49.181437392074386,11.196379661560059,0.09495175767676271,0.012098986246892745
31,10,10,10,26.62759658593928,16.237470626831055,0.1,0.0392156862745098
32,10,10,94,98.72326957335744,11.711913108825684,0.060931651745317325,0.011605455852395051
33,11,11,4,111.79384847101159,9.864654541015625,0.05555657829971831,0.008726991069419286
34,11,11,951,89.2330816814713,10.749862670898438,0.055433923443433133,0.008678946453741669
35,11,11,26,77.50810033285681,9.826244354248047,0.05041450730890831,0.006453608624742806
36,12,12,11,106.58160763196511,10.436544418334961,0.05786671580452806,0.009895767826063804
37,12,12,12,185.00665695026615,24.75692367553711,0.1,0.0392156862745098
38,12,12,86,216.03499247031974,30.552804946899414,0.1,0.0392156862745098
39,13,13,20,95.29773794098989,10.713932037353516,0.056621620244529776,0.009269358945918238
40,13,13,15,103.62310179725677,12.271690368652344,0.06473320359699139,0.013909242067879947
41,13,13,16,56.34935971861627,7.920748233795166,0.03875478623817515,0.003165901438108902
42,14,17,131,67.9269802618523,9.324348449707031,0.04727642121322091,0.005294338818275554
43,14,14,46,215.3673820794266,32.3661003112793,0.1,0.0392156862745098
44,14,14,17,60.99728088301289,8.487668991088867,0.0673060267947454,0.00941713041426602
45,15,15,85,103.25148682991033,10.067193984985352,0.05543826212440596,0.008680645480462101
46,15,15,86,88.3483805884045,11.642934799194336,0.06211544103369933,0.00986374213114008
47,15,15,304,193.00917885062805,26.440380096435547,0.1,0.0392156862745098
48,16,16,1,83.6088375626301,9.838852882385254,0.05169167952596611,0.006982606519770909
49,16,16,319,67.29262600834811,9.325357437133789,0.047135575377673204,0.0052496536323411655
50,16,16,703,109.81428045774594,10.99825668334961,0.06088628261613142,0.011576246478936073
51,17,17,319,92.82999962163541,10.600768089294434,0.05557309817440798,0.008733463722513279
52,17,17,17,85.68297777083377,12.457404136657715,0.06629111150662055,0.010453448610706222
53,17,17,18,70.24196834779302,9.34949016571045,0.0449829044938132,0.005160766855434706
54,18,18,80,98.17059333071614,11.680792808532715,0.060866889982194285,0.011578970049162002
55,18,18,97,187.53549490706231,25.023618698120117,0.1,0.0392156862745098
56,18,18,128,88.59616820337656,10.789466857910156,0.055434452400329313,0.00867808049332311
57,19,19,97,94.05032342452333,9.936897277832031,0.05423487509817938,0.008115689418019368
58,19,19,876,90.0078179420718,10.575594902038574,0.05559430622991133,0.008741773838923775
59,19,19,326,107.59923524572201,12.218785285949707,0.06572065702730784,0.014517121972932503
60,20,20,80,331.3705134346702,21.846195220947266,0.06503588296811576,0.0392156862745098
61,20,20,13,71.6879529274754,8.800766944885254,0.04111841651386977,0.0043019893648665875
62,20,20,16,260.21304649079315,35.64470291137695,0.08612427435505426,0.0392156862745098
63,21,21,21,95.98971529069968,11.036072731018066,0.1,0.0392156862745098
64,21,18,18,50.67415277962143,7.796440601348877,0.03419157066383731,0.002682920198987304
65,21,22,22,98.07404766459328,11.67817497253418,0.06086479720103009,0.011578113939885601
66,22,22,749,107.95632904924344,11.060406684875488,0.0653256116680419,0.013518239844760655
67,22,815,474,89.99543124028499,10.976192474365234,0.05671531272215315,0.009306660301859889
68,22,22,18,99.16675512819603,11.311905860900879,0.060827985469660194,0.011563050879190507
69,23,23,8,98.83368628772219,11.52322006225586,0.06087581211290755,0.011582619957837013
70,23,23,124,94.85651564241357,11.36857795715332,0.058779085130478775,0.010415403398837123
71,23,23,22,118.6824938163398,10.231233596801758,0.05981961426875209,0.010984960553772051
72,24,24,269,90.59726906575983,10.605984687805176,0.05553432400039492,0.00871719678180657
73,24,24,206,218.6440234567833,33.908843994140625,0.1,0.0392156862745098
74,24,24,331,98.48224443977827,11.66392707824707,0.06096319119943329,0.011618348471265354
75,25,25,28,105.53173494622628,9.830987930297852,0.05559327414187551,0.008741369460425114
76,25,25,25,66.92551102056889,15.131752967834473,0.08522512802868529,0.008724680018666362
77,25,25,30,80.86928563201558,9.689781188964844,0.05042490967053007,0.006453742232502467
78,26,62,62,37.01189291210472,6.823027610778809,0.05059886755313365,0.004031717790363546
79,26,28,28,96.47956577710048,10.34179973602295,0.05315145930273424,0.008373312013479996
80,26,26,35,103.5934062631048,12.11008358001709,0.06015266533570267,0.01238465176575208
81,27,27,26,177.27107725871838,24.27536392211914,0.1,0.0392156862745098
82,27,120,309,91.49675946092556,10.574427604675293,0.05560381103761058,0.008745498347973849
83,27,27,42,70.50353222507617,14.816386222839355,0.08526336485193878,0.008755817284895093
84,28,28,304,205.14901536838607,30.339797973632812,0.1,0.0392156862745098
85,28,28,54,27.706102017720927,7.759330749511719,0.09820801730399713,0.0077043691298554024
86,28,25,25,113.98545212051485,11.158464431762695,0.06844734838213856,0.014843914326723901
87,29,103,26,45.26447921629025,7.466779708862305,0.03352101404858401,0.0023810069734613304
88,29,29,1,77.063261961532,8.622820854187012,0.03868478954553831,0.004054879572430087
89,29,29,961,91.28357588762951,10.617518424987793,0.055545877272422314,0.008722798654647132
90,30,32,32,102.42306499106195,11.319689750671387,0.06092480452637304,0.011602656330787886
91,30,30,32,105.53473603999473,9.815652847290039,0.05557314840285471,0.008733483582330781
92,30,30,32,86.9818276975213,10.883321762084961,0.055600467581794794,0.008744188323897936
93,31,31,32,103.03620243251315,12.114825248718262,0.0639025200137482,0.01336931460393588
94,31,30,116,353.19053688593493,27.86903953552246,0.0569465366411441,0.0392156862745098
95,31,31,39,209.35303018997672,29.69891929626465,0.1,0.0392156862745098
96,32,42,42,73.54273458959047,9.357873916625977,0.0446177338771649,0.005202760825436983
97,32,30,30,22.55527956567629,5.850188255310059,0.05415948084626802,0.003219795481693063
98,32,32,31,47.09756150593185,7.4009785652160645,0.0332050912288431,0.0023355785345604077
99,33,34,327,97.70512269402273,11.767215728759766,0.060877273535556206,0.01158321803067499
100,33,50,84,97.61593160305463,10.243236541748047,0.05558899676385767,0.008738616442665124
101,33,33,599,89.76884935019423,10.68946361541748,0.055469847284056475,0.008693015557226604
102,34,34,39,249.10974176151956,74.47381591796875,0.1,0.0392156862745098
103,34,33,6,86.90790269777348,10.886181831359863,0.055568247904232836,0.008731563412996014
104,34,34,33,86.4228759696578,10.867234230041504,0.05559230474783028,0.008740989570946305
105,35,36,943,98.25399739056266,11.762398719787598,0.06087643159546651,0.011582873578153567
106,35,37,37,100.92012465342306,11.539668083190918,0.060981222180578346,0.011625716920004574
107,35,35,39,331.9067871674884,24.453954696655273,0.05680109426129552,0.0392156862745098
108,36,36,37,100.74990177965076,11.3200101852417,0.06089946148353904,0.011592293161865337
109,36,35,33,67.06710520793308,8.006979942321777,0.038183795302713194,0.003315180016466704
110,36,36,34,20.259896085292954,5.190014839172363,0.047843771652213846,0.0020535398712847926
111,37,37,35,92.80355903883863,10.317856788635254,0.054291698556966965,0.008132892591804854
112,37,37,35,181.07696432214624,21.614049911499023,0.1,0.0392156862745098
113,37,37,305,99.3865182726507,11.529291152954102,0.060898900620716206,0.011592063854230037
114,38,38,290,35.5332493410423,6.375996112823486,0.061942695085192054,0.005081000553233303
115,38,42,40,50.73411464852776,7.675952911376953,0.02893633736660761,0.0022937375701940765
116,38,38,124,110.44373908115173,11.29529857635498,0.06808739977709959,0.014608328412480717
117,39,39,67,101.39981986658998,11.403676986694336,0.06089641927458013,0.011591048970134889
118,39,39,58,87.49822944313551,10.85115909576416,0.05565807455146171,0.00876568570835027
119,39,39,48,89.05361920852062,10.711381912231445,0.055574697678855256,0.0087340904525182
120,40,40,46,216.35007165276133,30.692569732666016,0.1,0.0392156862745098
121,40,40,46,87.48188219400635,10.880694389343262,0.05561413561431925,0.008749544408562168
122,40,40,46,110.43396193357218,11.285795211791992,0.06185526255729245,0.012157235195600993
123,41,41,44,90.09101582650837,14.374347686767578,0.0927712802160898,0.01858597476856584
124,41,41,41,53.01771815514126,7.367123603820801,0.02727475885407253,0.0019977669184946117
125,41,41,44,77.83564752930768,11.571236610412598,0.056877503203658974,0.007634528477276567
126,42,42,50,98.41516796911986,11.689217567443848,0.06081979638339037,0.011559699398153055
127,42,42,39,114.89927947103085,10.719016075134277,0.060925989974259784,0.011603141138329706
128,42,42,39,107.35031328489696,9.241908073425293,0.05558012538321168,0.008736217269888404
129,43,371,252,8.094063179043639,3.073849678039551,0.1121779820231926,0.005688728851875732
130,43,43,60,100.71980595644794,11.537421226501465,0.06093597337987125,0.011607222631609217
131,43,43,32,78.21964691409212,10.09049129486084,0.054415461520504825,0.007339312252231757
132,44,44,32,204.8133302108138,29.543865203857422,0.1,0.0392156862745098
133,44,44,54,95.61904631284432,10.381805419921875,0.05551931560916525,0.008712392625021357
134,44,44,58,97.33463669489944,11.673554420471191,0.0609254036973005,0.011602901514799646
135,45,45,41,105.36897634219108,11.584080696105957,0.06283350669873497,0.012741687217220181
136,45,45,79,98.7423099793641,11.466941833496094,0.06089809844697101,0.011591735614570688
137,45,45,45,43.86148524735634,16.258981704711914,0.1,0.0392156862745098
138,46,46,43,99.06659948892577,11.540534973144531,0.060924856155747824,0.011602677515540751
139,46,47,309,103.81568619948854,11.415553092956543,0.060891482163840854,0.011589029762897447
140,46,46,544,76.59535934685834,9.40117073059082,0.04885575841384547,0.005858885738218071
141,47,31,40,80.31145849529571,9.959832191467285,0.04750285891907762,0.006313599433004899
142,47,47,119,55.35946650174742,7.907558917999268,0.03822611621989779,0.00308230289667194
143,47,47,46,96.75135869033166,11.261422157287598,0.05804616567120603,0.01030674723609442
144,48,36,461,93.79888885224618,10.531740188598633,0.055497346338110175,0.008703786776177811
145,48,45,45,98.71660255253836,11.673503875732422,0.06096171704039916,0.01161774573476311
146,48,48,49,89.87507713503449,10.975445747375488,0.05669509986420283,0.00929861282887473
147,49,58,65,97.73198886684199,11.68966293334961,0.0608829646563041,0.01158554584173805
148,49,49,50,98.40489992189285,11.649615287780762,0.060949891829247746,0.011612912511359139
149,49,49,428,98.83627291773935,11.671624183654785,0.06090701570917413,0.011595382493290653
150,50,50,33,91.87038214464411,10.551091194152832,0.05553374376315518,0.008718045079767946
151,50,50,49,95.44334544161622,10.340778350830078,0.05554427811941009,0.008722172059605415
152,50,50,49,90.45151490487845,10.649222373962402,0.0555469248796818,0.008722133093034257
153,51,51,51,22.036565527950895,3.6605594158172607,0.10573762687485343,0.0001427049257120604
154,51,51,26,91.18623516566338,10.629399299621582,0.05554101208621608,0.00872089249575786
155,51,51,766,95.57697821806511,10.403008460998535,0.055515832729239996,0.00871102844054604
156,52,52,53,89.62141477510619,10.746596336364746,0.05552548772716558,0.0087148106935424
157,52,53,54,102.86729191125501,11.323375701904297,0.060888602213131124,0.011587851764028212
158,52,52,356,88.89399898794939,10.636488914489746,0.0554792255392206,0.008696688957810422
159,53,53,52,100.69972610575961,11.512208938598633,0.060918144021105076,0.011599933005747454
160,53,53,57,53.549023423673546,7.665090560913086,0.03602747939891997,0.002759033605879896
161,53,53,784,489.82568919358596,58.807899475097656,0.1,0.0392156862745098
162,54,54,114,275.6863925239553,35.76240158081055,0.10115323865767202,0.0392156862745098
163,54,54,61,98.5767678153428,11.519454956054688,0.06084572954435142,0.011559660309891605
164,54,54,67,98.33906696759468,11.7201566696167,0.06093339676242586,0.011606169476709387
165,55,55,64,203.71564905198434,27.762832641601562,0.1,0.0392156862745098
166,55,55,31,305.97167392112283,97.7715072631836,0.1,0.0392156862745098
167,55,55,390,267.6962726752548,61.99083709716797,0.2,0.0784313725490196
168,56,56,65,86.8122539660416,10.812081336975098,0.05554227553126133,0.008721387380279
169,56,56,60,282.4827023028189,61.97075653076172,0.2,0.0784313725490196
170,56,56,114,115.45279675272782,12.36591911315918,0.05970992104738102,0.014168722820248877
171,57,57,28,230.6442220106943,32.2604866027832,0.1,0.0392156862745098
172,57,57,66,95.15518541087411,11.361588478088379,0.06212195304516755,0.011288448844446557
173,57,57,52,79.79630715721837,9.180997848510742,0.04479631831398637,0.005232154038927343
174,58,58,41,104.84131904285391,12.307361602783203,0.06661201649433758,0.015089066840237579
175,58,58,57,77.6328099665358,10.186653137207031,0.05177889729769445,0.0070107291021723195
176,58,58,65,215.37487007378687,34.177574157714844,0.1,0.0392156862745098
177,59,55,55,99.10507393045918,11.69548511505127,0.06096984849125106,0.011621069165008994
178,59,59,55,94.24544084567997,11.460554122924805,0.05874946369501522,0.010398021199916774
179,59,59,55,103.83646902495074,11.003293991088867,0.06076612469752245,0.011537725726583018
180,60,60,82,99.03895974455905,11.564959526062012,0.061049289001033055,0.011642847306430039
181,60,60,67,97.01885142927765,11.71975326538086,0.06095750645888019,0.011616024963472672
182,60,58,58,87.52726670467685,10.835630416870117,0.05564646410165182,0.008762213835746855
183,61,61,62,103.25551745847459,11.481352806091309,0.060904703744958905,0.011589673487290099
184,61,61,26,89.14363820170247,10.689387321472168,0.05557442981173905,0.00873398544524534
185,61,61,118,94.46073089074699,10.447410583496094,0.05553709249577308,0.008718281224505142
186,62,62,126,9.385633716540394,4.7791924476623535,0.09101227895027256,0.0027204796452045973
187,62,62,271,6.532216681482792,4.723575115203857,0.08741756035389736,0.0010934444884709562
188,62,62,68,15.148178247017912,5.501036643981934,0.1038100862454513,0.0063429256230010745
189,63,63,58,55.36343346287377,8.20557689666748,0.04124682412727084,0.0035370210247151618
190,63,63,327,100.04997007135981,11.287200927734375,0.05980860002412003,0.01098046148045059
191,63,63,617,103.75975126893053,12.048638343811035,0.06784281553873503,0.014480811052173973
192,64,55,55,98.53496517141815,11.730566024780273,0.060806754412954904,0.011554360997357606
193,64,64,55,97.27395353147936,11.592534065246582,0.05954672031769995,0.010971313411439674
194,64,55,55,90.38784052769738,10.939948081970215,0.056602960452634854,0.009261930403310203
195,65,65,44,191.1525144547217,24.123437881469727,0.1,0.0392156862745098
196,65,65,396,96.99570615893776,10.435688972473145,0.05554222438711323,0.008721367463544828
197,65,983,983,48.755422797835976,7.30168342590332,0.03273141912900413,0.0022627146187953404
198,66,66,56,89.91214761507685,10.597393035888672,0.05556823293249689,0.008731557599774318
199,66,41,52,18.38469067029634,4.894128322601318,0.08428844516148123,0.0034540281915356325
200,66,60,60,80.77178162218348,9.979082107543945,0.0476562415258212,0.006370076006610333
201,67,67,54,105.65477582504987,11.944131851196289,0.0647741108843465,0.013925620618289346
202,67,68,68,50.41639267500309,7.752984046936035,0.036157482828204204,0.002788867537681622
203,67,55,47,97.10905490831101,10.88098430633545,0.05773130026281452,0.009841215317810102
204,68,66,66,39.544318820969046,15.8762845993042,0.07635323018804596,0.003727240933211827
205,68,68,66,46.33457926715267,7.415745258331299,0.10324131535304594,0.02342487427866704
206,68,68,62,93.72123841199983,10.458907127380371,0.0555315063522326,0.00871716837973699
207,69,69,107,101.50029826604519,10.996317863464355,0.05887165089976772,0.010447672826058144
208,69,69,412,89.06092427947821,14.055379867553711,0.09437105015571975,0.019217308509613097
209,69,69,110,78.8538661072663,9.669026374816895,0.050363699426332384,0.006435822877620609
210,70,70,75,96.11102882702379,11.607336044311523,0.05987758201656791,0.011008632495889164
211,70,70,303,87.26943642788358,10.854557037353516,0.05552797826805987,0.008715786259074317
212,70,70,124,25.39910532696433,8.819034576416016,0.06654473465462339,0.0031524569293161133
213,71,303,6,106.07105835597154,11.21734619140625,0.06096110315553203,0.011617494924902265
214,71,71,329,120.45455044738625,11.24292278289795,0.06243876081595466,0.014108162104228612
215,71,71,124,91.36607396371619,10.570223808288574,0.05555779746637239,0.008727468743039174
216,72,72,72,179.9722632480387,24.436626434326172,0.1,0.0392156862745098
217,72,72,303,90.95716155104412,11.069463729858398,0.059841988911296856,0.008711982669853558
218,72,72,72,76.22166886901094,14.668566703796387,0.08754663242087346,0.01161343046824577
219,73,75,75,40.195344772944956,7.1979193687438965,0.05357727079768157,0.004785006346302906
220,73,73,815,95.7588954412928,11.079495429992676,0.058499026211722975,0.010390222175949176
221,73,77,77,107.1051347017158,7.903892993927002,0.038916467721615514,0.004126495010243175
222,74,72,72,96.50803966434246,10.334712028503418,0.05559854554328412,0.008742357837702094
223,74,74,73,84.45241471635623,10.670384407043457,0.05430085714812748,0.008141019751467436
224,74,815,815,66.11836037281223,8.92765998840332,0.04551577288530303,0.004708658362142189
225,75,75,754,89.98983212616241,10.671542167663574,0.055491288543703984,0.008701413878071083
226,75,75,73,81.83446875372564,11.506864547729492,0.05990054230499401,0.008737736107335782
227,75,75,73,78.41337614440758,9.095327377319336,0.04507907744775273,0.0051923429766342205
228,76,76,73,86.97074596573998,10.822916984558105,0.055586714422188724,0.008738799042994953
229,76,124,122,93.59508585289728,10.488990783691406,0.05561846244670372,0.008751239886786086
230,76,76,75,93.68192215935477,10.508831977844238,0.05554470641183167,0.008722339835368697
231,77,77,76,96.83360463041817,11.536661148071289,0.059807305117490085,0.010979932519404281
232,77,77,71,105.45385561703186,10.004450798034668,0.05549007363024967,0.008700937996720098
233,77,74,74,79.6987319197092,10.111654281616211,0.05176859288680522,0.007010520582140592
234,78,78,126,50.02322860325905,5.656886100769043,0.0649365097621754,0.005922098198902883
235,78,78,405,89.50182350907275,7.201014041900635,0.02893405240719442,0.002293194966222649
236,78,78,307,89.44287021704271,11.068730354309082,0.05656405425552011,0.009246441774108605
237,79,79,79,21.647656930581174,16.740957260131836,0.1,0.0392156862745098
238,79,79,73,86.8766573124793,10.886528968811035,0.055541501835946985,0.008721084371547377
239,79,79,513,75.83254637138118,7.659609317779541,0.03001982148530635,0.0024923767542377184
240,80,80,7,52.81506072547652,7.803640842437744,0.029499609507176727,0.002398169601751668
241,80,330,82,65.12054889909362,8.24013614654541,0.06883376339485528,0.010033665903806936
242,80,80,793,28.888067919341093,7.663063049316406,0.0976723979199132,0.006881676782216241
243,81,81,8,75.67212271862974,9.83004379272461,0.05032910942109151,0.006423723579764437
244,81,81,279,72.8662271350312,7.190271377563477,0.03814027074663701,0.0030617484085553592
245,81,81,48,100.49748094516849,11.519771575927734,0.06086619586460404,0.011578686278958215
246,82,82,86,201.18406512724786,27.268543243408203,0.1,0.0392156862745098
247,82,86,81,100.03015633609846,11.576493263244629,0.06092564453007985,0.011602999833987274
248,82,85,988,114.29523673901524,10.614498138427734,0.0609155162683301,0.011598858685333585
249,83,83,82,225.64757187600907,33.480323791503906,0.1,0.0392156862745098
250,83,83,15,86.44707548429321,10.849303245544434,0.05551353134190774,0.00871012669335056
251,83,83,7,99.31860483052536,11.665298461914062,0.06092043506083346,0.01160086983898101
252,84,84,474,101.46060783773956,11.43697738647461,0.06084019702692783,0.011568048561298724
253,84,84,328,101.65639838683646,11.342691421508789,0.06089630617263019,0.011591002847055894
254,84,84,16,82.50699731694516,13.77224349975586,0.07754648670175793,0.010405864404594168
255,85,85,120,86.56051718459277,10.818987846374512,0.055554833888315266,0.0087263077601565
256,85,81,81,91.538089028014,10.625741004943848,0.05549105593357401,0.008700248187457748
257,85,85,20,59.09267386679181,8.0747652053833,0.04110741265554739,0.0035018238987371553
258,86,86,876,92.71967092613889,10.587570190429688,0.05555290304625088,0.008724475173628878
259,86,86,81,86.6263853553439,10.850842475891113,0.055606189244149756,0.008737469214258626
260,86,86,8,129.30336799960054,8.668362617492676,0.05669096835228051,0.009295451405561771
261,87,87,489,101.27150206875247,11.447918891906738,0.06095901149121339,0.01161663999598301
262,87,87,80,99.37704851955459,10.112704277038574,0.05542451940806182,0.008675263830552827
263,87,87,87,22.207181446183046,17.115755081176758,0.1,0.0392156862745098
264,88,88,90,101.91512999134461,11.470022201538086,0.060950830108771274,0.011602632507150129
265,88,88,84,105.56703202651569,11.236540794372559,0.06096361323557391,0.011607856066794871
266,88,88,90,82.65437824982382,10.018577575683594,0.05177880748002176,0.007014230024115574
267,89,89,132,98.07087112333504,11.69740104675293,0.06097969796424011,0.011614427632791042
268,89,89,749,86.36576856722367,10.561498641967773,0.05427677788351679,0.008131774403412555
269,89,89,578,97.44525675218499,10.384355545043945,0.05671271214502806,0.008687990899313703
270,90,90,15,91.20217456551968,10.693514823913574,0.05547686776328784,0.008695765405623314
271,90,88,797,87.74725676452644,10.796136856079102,0.055579335038084744,0.008735907499535341
272,90,90,84,95.00475915412682,10.975340843200684,0.057774583311209875,0.009858653908280213
273,91,91,94,93.14773977683481,10.358671188354492,0.055500013634862566,0.008704831626807089
274,91,91,93,107.41903886991201,11.2437744140625,0.06095026879458018,0.011602402973435937
275,91,91,94,87.66072132251671,10.779788970947266,0.055602749197670005,0.008745082404524561
276,92,92,131,102.4690205346772,11.963469505310059,0.06282060551100095,0.012736436699222566
277,92,92,46,99.25292540562835,11.348888397216797,0.059916840067833516,0.011029557524763239
278,92,92,131,78.26483671417421,10.150158882141113,0.05153169829638492,0.006924643119393316
279,93,93,96,89.52708517304954,10.69786548614502,0.055485015221689395,0.008697882303602921
280,93,93,145,97.73891745061037,11.679387092590332,0.06098894383275488,0.011628872340799519
281,93,93,93,102.40410309100439,10.820516586303711,0.05886619419334652,0.010444563936735443
282,94,94,1,88.77543925611977,10.734546661376953,0.05554626107333202,0.008721873092102313
283,94,94,113,52.190444878766996,8.055956840515137,0.03919393566031751,0.0032270390849349975
284,94,94,20,95.04752518781682,11.270742416381836,0.058830430908886,0.010430926296377232
285,95,95,94,98.51249255509585,11.733304023742676,0.06085928229269681,0.011575857797121693
286,95,95,307,91.41938745390613,10.94963264465332,0.05670867772103695,0.00930250155275144
287,95,95,94,99.54761681798118,11.63634204864502,0.06082996901996791,0.011563862749012364
288,96,96,489,265.17285864877647,57.91563415527344,0.1,0.0392156862745098
289,96,96,971,94.5462643063439,10.385376930236816,0.05549441370168209,0.008702637939074446
290,96,96,93,98.74363861454522,11.694411277770996,0.0608278584783975,0.011562999078661922
291,97,97,801,88.15603311981583,10.826255798339844,0.05557674566937102,0.008734892989167405
292,97,137,137,92.87031022514884,11.199117660522461,0.05783575102468513,0.009883295027510723
293,97,97,99,96.77294407974352,11.467604637145996,0.05994786680872018,0.011037320268786097
294,98,98,97,54.5851226143033,10.759183883666992,0.09582166177113176,0.013535353231224396
295,98,98,135,99.15561262018562,11.713629722595215,0.060904619820017866,0.011594402715431103
296,98,98,97,89.06800619336805,10.772293090820312,0.05547701708385239,0.00869582392438904
297,99,99,97,95.3039639119622,10.435033798217773,0.055522555836321104,0.00871366198369325
298,99,99,135,95.21098386610224,10.983240127563477,0.057849274696491,0.009888742454508579
299,99,99,97,94.74066649201737,10.801356315612793,0.056743809871396364,0.009316689428305103
300,100,100,99,66.55942644467235,13.982587814331055,0.07539152472561952,0.008706004797003574
301,100,100,143,98.16159616091993,11.63662338256836,0.060975544166498724,0.011612730676789949
302,100,100,99,70.83766455396996,15.604751586914062,0.08752368934746994,0.011612491479816772
303,101,101,344,98.14723381909472,11.750164031982422,0.06089521591951868,0.011590556918640221
304,101,386,386,98.13387316357878,11.680157661437988,0.06092863423472276,0.011593560993130608
305,101,101,363,89.33091516219947,10.706164360046387,0.05547207431781276,0.008693887902787446
306,102,102,562,70.18124646950022,9.366711616516113,0.04385978005808629,0.005057869081617129
307,102,102,334,87.32153611562993,10.821842193603516,0.05554268432354073,0.00872154754837447
308,102,102,396,87.93792287222098,10.728631019592285,0.05560001240578978,0.008744009851580876
309,103,362,294,15.536610752111443,5.6597466468811035,0.0730365936987817,0.003762397300301777
310,103,103,337,4.955328956867821,4.4071364402771,0.09906186718542857,0.0024155505231974006
311,103,103,354,56.50430628321624,8.539520263671875,0.06712749750490377,0.009338939943670995
312,104,104,331,86.77981407026716,10.838431358337402,0.05551743763111019,0.008711656923492728
313,104,104,287,106.39340241280331,10.919109344482422,0.060877685424800924,0.011583386319688818
314,104,104,355,92.48000079810245,10.553072929382324,0.055570890293202696,0.008732598598972255
315,105,105,298,55.84009629596619,8.209261894226074,0.04166439883876062,0.003590665043879941
316,105,105,334,93.9082435257251,10.75622844696045,0.057914310851386125,0.00872443179599576
317,105,105,106,91.45010724036507,10.619876861572266,0.05547426135761715,0.008694744552241725
318,106,106,342,86.96850881086802,10.828689575195312,0.05555442662326078,0.008726148077122839
319,106,106,124,95.27245408844682,10.4064302444458,0.05552461434350871,0.00871339320634628
320,106,341,342,87.84359897120778,8.307568550109863,0.04556126232367451,0.004722234118434851
321,107,107,405,102.26341285594836,10.103166580200195,0.055550607440790205,0.008724651892412408
322,107,107,971,88.74074515640274,10.704585075378418,0.05550487546526008,0.008706736110719364
323,107,107,971,92.78756833237806,10.568964004516602,0.05549200454048067,0.008701694311979799
324,108,108,393,98.59174397027665,11.643970489501953,0.0608768337295889,0.01158303815450214
325,108,108,393,86.48089728597259,10.531254768371582,0.05435248063050587,0.008156228360070725
326,108,991,397,100.9018481327518,11.576507568359375,0.06087050141271743,0.011580447624426688
327,109,109,973,426.7484652342234,25.346664428710938,0.04587350041671824,0.0392156862745098
328,109,109,973,81.66945657447536,9.613073348999023,0.05040269816352658,0.006449473270594419
329,109,109,116,92.11885732464097,11.14977741241455,0.05852448018352761,0.009966283000904439
330,110,110,115,54.46660754363029,7.654519557952881,0.03607278009034561,0.0027700052818072363
331,110,110,115,87.94336054673148,10.750977516174316,0.05573034985119806,0.008727428808372465
332,110,110,115,51.35660575845322,7.741415977478027,0.036187311931534336,0.0027957403076343673
333,111,111,488,93.78579112056937,10.996713638305664,0.06014607661564961,0.0101927123661034
334,111,111,486,121.0170066377373,10.811941146850586,0.06950811714967328,0.015512801780955866
335,111,902,902,22.656181555656396,4.291569232940674,0.03152827917010146,0.0009409767470462543
336,112,112,49,107.48751521490324,10.845460891723633,0.0609594539968591,0.011606156316720139
337,112,112,994,98.48823750290269,11.696407318115234,0.060911580381123806,0.011597249291370099
338,112,112,643,103.44635597884734,11.363548278808594,0.06090393265784322,0.011594121858310314
339,113,113,112,92.39847431901505,12.384382247924805,0.06834209564677016,0.011623428163728387
340,113,113,650,100.07067677294029,11.565396308898926,0.060885351271915744,0.011586522224847164
341,113,988,988,91.13901030264915,10.61314868927002,0.05553090186431173,0.00871693163759751
342,114,114,868,54.64350935848597,7.9130425453186035,0.03823705820875747,0.0030849286603735343
343,114,114,58,94.26375470661644,11.04311752319336,0.057755621726254466,0.009851014530085137
344,114,113,36,86.82089379908011,10.86733341217041,0.055606443814423874,0.008745452867664934
345,115,115,328,93.90610724018812,10.56083869934082,0.055502739832620135,0.008705899392453045
346,115,115,110,91.3730406572548,10.635359764099121,0.055479369091389445,0.00869567100969075
347,115,115,110,101.75640149837827,10.135995864868164,0.05555335021850979,0.008725726522488833
348,116,116,76,100.54029279063984,11.40269660949707,0.06089301807058533,0.011589658050326218
349,116,116,973,98.71540469449313,11.531400680541992,0.06094221445593195,0.011609774118529224
350,116,116,108,89.08199712690937,10.672259330749512,0.05553782812355642,0.00871856950862715
351,117,117,396,80.61181544866334,14.19271183013916,0.07899553118295216,0.011569427785882908
352,117,117,452,58.31889293805025,7.866761684417725,0.06338540107880805,0.007878274954099299
353,117,117,850,486.25264983019065,53.231727600097656,0.1,0.0392156862745098
354,118,118,469,33.05406180169692,5.39666748046875,0.05241148629442602,0.0028778302109861605
355,118,123,123,98.34003645053048,11.783123970031738,0.060893205000846565,0.011589734488904532
356,118,118,39,102.59747670644596,11.385598182678223,0.06088246268747673,0.01158534061736649
357,119,119,120,106.40303070431175,11.286197662353516,0.060861378512158455,0.01157671523989438
358,119,119,79,86.66186148716798,10.862955093383789,0.05558028406574525,0.008736279487686252
359,119,125,78,102.4414282923249,11.370105743408203,0.060904718577048614,0.011594443019871586
360,120,12,12,49.76350717874657,7.240971565246582,0.03219348959519728,0.002186943104537993
361,120,120,314,97.24763048415647,11.663531303405762,0.06085646864578807,0.011574706611078154
362,120,119,327,259.7928008211941,56.483741760253906,0.1,0.0392156862745098
363,121,121,562,96.10715882735192,10.360878944396973,0.05551242121793652,0.008709692007415424
364,121,121,116,98.39140072201927,11.70118522644043,0.0608898981255324,0.011588381801770856
365,121,121,616,61.30344834629891,8.136104583740234,0.04288404153351906,0.003751053759116073
366,122,122,124,36.96134688642897,6.079910755157471,0.04729638593338543,0.0020153372933724607
367,122,122,987,209.45169710887,27.21988296508789,0.1,0.0392156862745098
368,122,122,125,71.92757291147427,7.786451816558838,0.06820993900724423,0.009766198266816887
369,123,123,580,90.13251672289502,10.63681697845459,0.0555132037390569,0.008709998332078705
370,123,123,125,90.81571214174544,10.644944190979004,0.05555500076353245,0.008726373108762994
371,123,123,396,102.94281092669505,11.399209022521973,0.06094081034493134,0.011600273281359694
372,124,124,509,89.05852812901082,10.657724380493164,0.055586663183822854,0.008738778895835696
373,124,124,932,93.0766099286375,10.40392017364502,0.05550870803393968,0.008708237408007496
374,124,124,119,91.92766884005255,10.66085147857666,0.05554332614597901,0.00872179900731656
375,125,125,113,104.70043883036914,11.089545249938965,0.06090681701449738,0.011595301280330296
376,125,125,120,89.73132006074043,10.527289390563965,0.05556346758482289,0.008729690442511578
377,125,125,119,91.07456927541558,10.594861030578613,0.05547167362145943,0.008693731070160464
378,126,126,32,85.56558592676403,14.815649032592773,0.09259542298907954,0.01655908323195086
379,126,126,314,50.01700521747356,8.089598655700684,0.06165425397208884,0.007281671518176909
380,126,126,260,103.04459334872374,11.396053314208984,0.0608765909870389,0.011582938777382198
381,127,127,135,98.36194927874166,11.7662353515625,0.06089981236121758,0.011592436669293115
382,127,127,141,211.48840691997174,31.072275161743164,0.1,0.0392156862745098
383,127,127,128,89.28118014970892,10.742918968200684,0.0555927751047303,0.008740096961962582
384,128,128,127,104.93029731989445,12.20906925201416,0.0647745801549385,0.013926608836426248
385,128,128,127,102.01024895622749,11.463850021362305,0.06095780209880763,0.011616145863547873
386,128,128,135,80.85534988156107,14.088410377502441,0.07912878125231398,0.01162724890870218
387,129,132,132,100.4309729931212,11.483638763427734,0.06093500689163169,0.011606827559295131
388,129,129,134,98.94060618297156,10.915213584899902,0.05777931452198028,0.009860560063995452
389,129,129,975,98.99791881046879,11.582605361938477,0.06092059989507917,0.011600937354774465
390,130,130,643,100.87238101054535,11.159967422485352,0.06087184352102214,0.011580996549815432
391,130,130,129,92.12272232185666,10.61956787109375,0.05552709156759721,0.008714363615329228
392,130,130,129,86.9561459582676,11.232999801635742,0.05984232015224484,0.008714004131481382
393,131,131,134,63.8215362850113,15.401519775390625,0.085221308801361,0.008721569927278378
394,131,131,135,98.12911597100104,11.767582893371582,0.060846626886050616,0.011570679666071237
395,131,131,489,99.35792586920358,11.453600883483887,0.05991482465486562,0.011023835560945612
396,132,132,975,91.7591329394448,10.664936065673828,0.05555929788633266,0.00872805677589189
397,132,132,134,110.47155792092126,12.276426315307617,0.07833479265487849,0.01102844452199625
398,132,132,131,223.00990819405317,35.41015625,0.1,0.0392156862745098
399,133,133,142,98.14018807902507,11.681957244873047,0.06087353353817288,0.01158168803794397
400,133,133,37,101.32809202498336,11.545251846313477,0.06090584629957613,0.011594904379817063
401,133,133,59,95.63622004811715,11.259350776672363,0.05884427759266304,0.010436552287490571
402,134,134,99,71.37040736243942,9.652246475219727,0.04897323350095638,0.005900650246040362
403,134,134,131,196.575236573991,26.954608917236328,0.1,0.0392156862745098
404,134,134,99,62.679146695273005,8.000337600708008,0.04168501813990101,0.0035959088946402873
405,135,135,85,92.06203812040954,10.582940101623535,0.05555296585719939,0.00872557586412781
406,135,135,142,97.66333360549673,11.751843452453613,0.060947014829741776,0.011611736432384983
407,135,135,141,187.80951041445604,21.878917694091797,0.1,0.0392156862745098
408,136,136,8,108.39152608085037,9.806925773620605,0.05554903099863573,0.008724034085018532
409,136,136,86,98.59171616379673,11.721755981445312,0.06102142435278017,0.01164214143583692
410,136,136,8,99.10808342592723,10.249771118164062,0.055532129849071916,0.008717412786606218
411,137,137,80,98.43974148258928,11.554498672485352,0.06093713065365614,0.011607695729228658
412,137,137,150,95.49550253220937,11.208968162536621,0.05889648444579553,0.010457760499437564
413,137,137,137,47.030905430150405,13.474891662597656,0.0707093768658906,0.0052999968055071275
414,138,138,349,97.06791972608036,11.74544620513916,0.06081913356099047,0.011559427940255069
415,138,138,80,97.78611757707215,11.765409469604492,0.0608159938610017,0.011558142818315062
416,138,138,383,99.13363176532775,11.393430709838867,0.05992365531498138,0.011027439972998064
417,139,139,128,73.35881368339342,14.125165939331055,0.07760723845263229,0.010441819487681189
418,139,139,141,102.19461011611361,11.045388221740723,0.05985591629502766,0.010999786073596862
419,139,139,141,93.9492693477483,10.34235954284668,0.05546884854674668,0.008692624381758322
420,140,140,142,90.22207663202198,10.696948051452637,0.05556391297450868,0.008729864874472758
421,140,140,36,86.73950912683384,10.829718589782715,0.05556353342761566,0.008729716102642966
422,140,140,360,100.45109298707473,11.595198631286621,0.06090710305011266,0.011595418349858198
423,141,141,141,77.39248080383317,12.072532653808594,0.06320648338838003,0.008759915745364003
424,141,141,142,91.697160489476,11.249699592590332,0.057825821519503745,0.00987929536221721
425,141,141,143,97.62590465658704,11.362908363342285,0.059903793319196916,0.011019332994236745
426,142,142,132,98.75253384435173,11.644259452819824,0.06098377427010732,0.01162675982282449
427,142,142,133,98.22395565300202,11.761831283569336,0.06094694971685595,0.011611709736851935
428,142,142,140,83.79961999207944,10.295293807983398,0.05308135386756629,0.007576782116365033
429,143,143,141,89.1570471730169,11.07922077178955,0.05664897830667532,0.009280250667391778
430,143,143,460,108.90372496006535,10.150809288024902,0.05779111145928304,0.009865312621127761
431,143,143,91,104.11225210305265,10.028444290161133,0.055519852435195,0.008712602963999571
432,144,144,98,86.83953193077387,10.87347412109375,0.055544866734724856,0.008722402563976966
433,144,144,134,90.29294232821306,9.434017181396484,0.050367385660346556,0.006437112812568119
434,144,144,484,87.91338235706395,10.848461151123047,0.055525753456277034,0.008714914838705849
435,145,145,96,92.7552870780662,10.636005401611328,0.055549272293914057,0.008723052634368088
436,145,145,145,27.84034861817943,15.850438117980957,0.1,0.0392156862745098
437,145,145,145,253.4760948534057,57.78455352783203,0.2,0.0784313725490196
438,146,98,100,76.71703637911433,9.862517356872559,0.05037562448049588,0.006439995943726198
439,146,146,181,64.31134016636742,7.678365230560303,0.03929507604831162,0.0032518174641716566
440,146,146,21,91.99138294958286,10.987016677856445,0.05673137879493332,0.009313057010127877
441,147,148,148,13.58441922714938,4.320069313049316,0.09694488911907159,0.0025431357148399357
442,147,147,148,99.56339735353237,11.135235786437988,0.057847010345442075,0.010306811026115116
443,147,147,360,101.50075410430905,11.487603187561035,0.06093208045669218,0.011605631290321407
444,148,148,147,19.681719426945083,7.31596040725708,0.10026714006303022,0.007855051037615211
445,148,148,395,86.80045285747103,10.888344764709473,0.05553830721041151,0.008719832775384129
446,148,148,81,98.59245533160859,11.735993385314941,0.06096794539103312,0.011620291428220766
447,149,149,150,24.58201005353866,5.641778469085693,0.06485704322637396,0.003700002389167494
448,149,149,109,100.00360444533861,11.646957397460938,0.06095439834746112,0.011614754601159797
449,149,149,296,87.10557051909146,10.879497528076172,0.055462727149115564,0.008690226939603089
450,150,150,259,57.86463412731617,8.085230827331543,0.040338817687584516,0.003413224286822593
451,150,801,983,103.76978680946203,10.151464462280273,0.05547132410882203,0.008693593982752983
452,150,150,460,99.58614572092077,11.628070831298828,0.061019509081241756,0.011630688359566994
453,151,195,253,81.10377633150055,10.076305389404297,0.051720349847750244,0.006993008291654258
454,151,195,161,97.28948223822105,9.675758361816406,0.05301443809169835,0.007551741332206104
455,151,104,104,57.95604704031973,7.896551132202148,0.038385702087357115,0.003120729768386732
456,152,228,807,10.413692510167094,2.6690285205841064,0.11451679861801703,0.014613236025987873
457,152,152,562,6.502918872627883,4.038121223449707,0.10084583892401683,0.00047030549499857367
458,152,156,156,13.903395541626145,4.912839412689209,0.08069184257433284,0.0021792220807276474
459,153,153,681,110.6778501084876,10.489906311035156,0.06210727639308727,0.011105570477048514
460,153,153,192,91.29461181905013,10.550651550292969,0.05556412796966102,0.008729949022204812
461,153,153,187,98.30736635999784,11.085888862609863,0.06239885468841969,0.011254484761298915
462,154,154,850,100.61203229271601,11.499931335449219,0.06085255638659567,0.011573105848896648
463,154,154,187,98.96332224817986,10.256468772888184,0.05552738027825841,0.008715552087681204
464,154,154,261,92.34288854801117,10.615042686462402,0.05546002727985046,0.008688095861351504
465,155,155,154,86.83185262800141,10.860836029052734,0.05549598282841638,0.0087032525769636
466,155,155,204,90.25061708269922,10.614176750183105,0.05553126833435171,0.00871599962744466
467,155,155,204,114.09521704252982,10.216025352478027,0.06314290853254381,0.00873208810761589
468,156,156,219,100.27303839246757,11.604280471801758,0.0609084693607449,0.011585318128248076
469,156,156,152,80.35616506059274,9.934350967407227,0.04763908582645128,0.006363750198901452
470,156,156,742,82.79581223037505,10.375517845153809,0.0497275233948551,0.007158765891720022
471,157,157,270,93.98100170638877,13.531891822814941,0.09311151840685485,0.017332671987916416
472,157,157,152,99.50549542525263,11.6306791305542,0.06095815231936916,0.01160562445410443
473,157,157,157,97.58598552249899,11.569379806518555,0.07265191176052857,0.009574236622638354
474,158,158,852,89.58361795456703,10.669493675231934,0.055480487253545485,0.008697106138152385
475,158,158,253,58.726831574454266,8.07903003692627,0.04169472991817873,0.003598380244121388
476,158,245,811,87.37289112983845,10.787850379943848,0.05556460624359474,0.008730136583515218
477,159,159,209,56.13965434444265,8.63463020324707,0.067051659228001,0.009317005920214007
478,159,159,274,97.3685296860073,10.301800727844238,0.0555161184879091,0.00871114013715777
479,159,211,211,104.42648229582859,10.218599319458008,0.05672309919258387,0.009308242701032986
480,160,160,232,94.81212980946361,11.349464416503906,0.05875810397297137,0.01040687414817042
481,160,169,176,30.881017641071406,6.173243045806885,0.07291639539403537,0.00596686751008064
482,160,160,228,90.33313979481784,10.246174812316895,0.05420019369917497,0.008102380263075578
483,161,161,172,87.99989261425758,10.749078750610352,0.05550285898517762,0.008705946043499304
484,161,166,167,29.99481305926432,3.96010684967041,0.037640120734887844,0.0006841121029113814
485,161,161,253,97.16351798941811,10.363950729370117,0.055578869253772714,0.008735724984278541
486,162,273,273,91.74541325166098,10.555649757385254,0.05561016171921476,0.008747987138941694
487,162,162,253,66.52010148979025,10.711047172546387,0.056427672732816805,0.003393663305909761
488,162,166,166,101.97486957021582,11.491646766662598,0.06093409699868907,0.011606455678294915
489,163,219,213,26.989663173576464,6.214548110961914,0.07290724563757431,0.00596431821246444
490,163,163,168,28.412556372235425,6.882409572601318,0.04899601732758839,0.0020860735980325444
491,163,163,211,11.721777952566429,5.443889141082764,0.06910650209111958,0.0027120360410175645
492,164,162,161,97.49722335955347,11.63045883178711,0.060899773845014896,0.011592420878895452
493,164,164,210,98.99424038236984,11.281133651733398,0.05994825249575583,0.011037477871436802
494,164,164,210,121.78232927857701,10.045683860778809,0.061867664251431996,0.012162302464940395
495,165,163,234,66.29254175037232,7.644363880157471,0.03756166512190807,0.002991598165269657
496,165,165,234,102.26617949561222,12.042478561401367,0.06766692934140116,0.014375068820489653
497,165,165,236,58.152958545012616,8.198027610778809,0.03213672276332051,0.002895443120788682
498,166,427,699,11.76026371379187,2.446380138397217,0.11464586763827236,0.01883414243806194
499,166,161,161,54.552562420442314,8.532116889953613,0.06584022684950754,0.008808548557797518
500,166,166,162,53.57367650192385,7.6121063232421875,0.05973930924696097,0.006637723134185378
501,167,167,233,11.133811477221414,5.227384567260742,0.10359138781586395,0.003948312057457764
502,167,166,166,102.77135615704073,11.394646644592285,0.0610004633764431,0.011622910026605145
503,167,167,176,21.507060319254613,5.809405326843262,0.10166504856075195,0.004662532979821765
504,168,168,243,111.15450098117778,9.64558219909668,0.055486294401136955,0.008699457766602615
505,168,180,676,96.00576268247504,11.31755542755127,0.05883450277364992,0.010432580658253678
506,168,245,245,89.65319001436485,10.686274528503418,0.05552609358230201,0.00871397262750798
507,169,169,249,59.78161562290064,8.22749137878418,0.04391543282458295,0.00390373572687526
508,169,176,176,97.92955581129492,11.73966121673584,0.06088838675893612,0.011587763788593993
509,169,169,222,26.5836996033102,6.22910213470459,0.07282044744027384,0.005940136280620027
510,170,177,177,109.07189172836777,11.692811012268066,0.06477555272734371,0.013926197769002596
511,170,170,202,99.46049621235778,11.604248046875,0.06093432863361947,0.011606550224937139
512,170,170,220,84.21595304746128,14.913628578186035,0.09259225110608815,0.01655116817717643
513,171,178,211,90.92768563726435,10.65423583984375,0.055521702726725214,0.008713327939999158
514,171,172,180,93.89269904510266,10.469381332397461,0.055549674463189834,0.008723210349555633
515,171,171,327,86.92821180002194,10.870619773864746,0.05552776745607125,0.008715703597014061
516,172,173,188,102.04533646377442,11.51500129699707,0.06094800423935727,0.011601477692525512
517,172,172,291,99.84700761238976,11.332483291625977,0.059901935238106135,0.011018574391359351
518,172,172,523,87.55116566833927,10.772546768188477,0.05554186056193578,0.008721224920620926
519,173,173,99,82.47989354386122,10.45151424407959,0.05357779850536928,0.007534491664785661
520,173,173,348,88.07735132531515,10.653632164001465,0.055562052291603624,0.008729135807953266
521,173,173,355,102.13956552124675,11.500447273254395,0.060934747312091614,0.01159605962089446
522,174,235,225,89.6825124773721,10.594675064086914,0.05557225457035787,0.008732056618974634
523,174,174,195,7.902436625643739,5.1631622314453125,0.06396365177078597,0.001507721232826437
524,174,174,355,61.992285477502584,8.006796836853027,0.06534180869929546,0.008632428260850495
525,175,191,191,76.20574649770803,8.823259353637695,0.03884404258558695,0.004104034116836894
526,175,175,226,18.834005680738482,4.969674110412598,0.08336295431144408,0.003132129775462943
527,175,175,226,9.223539965657162,3.6181955337524414,0.109511687514768,0.004523507000622692
528,176,176,171,87.61363417915246,10.760655403137207,0.055537101112593364,0.008719360325093357
529,176,176,188,99.59490361023646,11.60586929321289,0.060410853765272526,0.011519786854909921
530,176,176,159,29.78486946861069,5.013745307922363,0.058995309414068206,0.002127119689688064
531,177,170,170,35.34876560652772,9.619681358337402,0.04172454798757691,0.0018364384820766383
532,177,134,134,86.62207345164616,10.872856140136719,0.05557346699759065,0.00873360820102077
533,177,177,170,71.2619483132518,8.808379173278809,0.03880076525366982,0.0040906444285083166
534,178,354,105,93.37166279811848,10.48995590209961,0.05557305779207657,0.008733447898325006
535,178,178,209,87.68507204048112,10.776872634887695,0.05554372388369817,0.008721954960256312
536,178,178,537,103.06086314157729,11.35629940032959,0.06047730535233732,0.01154717775947333
537,179,237,237,90.20303181148199,10.684919357299805,0.05552857096164568,0.008716018380407635
538,179,179,180,81.74547775627391,10.051553726196289,0.05177099834902626,0.007011394088248087
539,179,179,676,195.03897531853806,25.898426055908203,0.1,0.0392156862745098
540,180,223,224,88.48314167792384,10.628683090209961,0.05556464530600624,0.008730151793359172
541,180,180,179,28.984550048578434,5.964654445648193,0.04456905416772079,0.0018384520467851252
542,180,179,369,97.81268897285787,11.76106071472168,0.06092748388154063,0.011603751974723343
543,181,267,267,335.9185831100041,25.489282608032227,0.05701719673083258,0.0392156862745098
544,181,181,299,56.913644349444915,7.413788795471191,0.03613942385700876,0.0027931156633742293
545,181,267,247,93.88103545093406,11.133538246154785,0.057843208143758075,0.009886298778346531
546,182,170,170,54.705848060492336,8.272590637207031,0.06441318359348229,0.008261581228574944
547,182,182,220,97.01241616287945,10.352217674255371,0.05552839313852324,0.008715948874707426
548,182,182,468,108.20332011269134,11.151069641113281,0.06090961721400939,0.011585787198626647
549,183,183,256,100.45032870462906,11.936254501342773,0.06616552100397563,0.013459886174619805
550,183,183,341,335.7976472672735,76.96178436279297,0.1,0.0392156862745098
551,183,183,181,70.02433009324247,7.948541641235352,0.06688083789711785,0.009225444702347842
552,184,191,191,87.4189312249103,10.816466331481934,0.055527124268023,0.008715451736755461
553,184,184,191,87.39648620270974,10.853313446044922,0.05560173765566032,0.008744685937475686
554,184,184,192,97.6574392777289,10.28013801574707,0.05546470550399048,0.008691001780956213
555,185,203,203,97.77351113794472,11.754961013793945,0.06093091454558994,0.011594493091215366
556,185,185,185,12.475250745308276,6.148272514343262,0.07907210986860289,0.0017146433499080774
557,185,186,228,93.5508628202891,10.559000968933105,0.05557202887955372,0.00873304472557443
558,186,186,185,87.9593442386267,10.732276916503906,0.05549066517834214,0.008701169736119983
559,186,201,187,98.40644917324899,11.72988510131836,0.06095336565375587,0.011614332544838905
560,186,186,192,100.34493061878166,11.5608491897583,0.060931710832438535,0.011605480016804535
561,187,201,201,71.39301952797368,7.1273579597473145,0.03335306389157526,0.002366917340815851
562,187,187,186,99.43817322098164,11.612591743469238,0.0609671551784285,0.011609303058739268
563,187,903,737,77.9263227911854,7.082761287689209,0.033702138012469074,0.0024117153423805215
564,188,198,196,13.129995290317424,5.353509426116943,0.07787131716467037,0.003207826613249706
565,188,188,196,27.132540695239648,6.5323991775512695,0.0912345638921965,0.0037601923641086173
566,188,188,850,303.927960313214,32.132965087890625,0.06934572215983409,0.0392156862745098
567,189,189,191,43.05350649428774,6.6573357582092285,0.06884810602174735,0.0071146193730099415
568,189,203,203,12.158765414502126,4.345080852508545,0.04652660578744406,0.00025220303623159357
569,189,189,191,101.56983120963122,10.178255081176758,0.05557623617814416,0.008734693422843942
570,190,190,188,16.0444866495657,3.9005839824676514,0.10649902640997988,0.002781649527761158
571,190,190,228,27.500470092170335,4.309532642364502,0.04136750990492696,0.0011108929269752245
572,190,190,203,87.2226584463282,10.822089195251465,0.05547179941040812,0.00869270619160659
573,191,191,184,87.05657939396195,10.859970092773438,0.05554896457483819,0.008724008060174909
574,191,191,170,104.9536845091146,11.18067741394043,0.06095374036479064,0.011603821776900346
575,191,191,184,88.40573833308748,10.7042818069458,0.05557842407569002,0.00873447393664252
576,192,192,186,91.89263178624827,10.474128723144531,0.05547195717910101,0.008693842082321556
577,192,192,552,86.6136914018743,10.835911750793457,0.05545778993003929,0.008687219618171583
578,192,192,266,95.92383622872565,10.384262084960938,0.055537768848921434,0.008718546278197428
579,193,187,187,104.54756338049374,11.314957618713379,0.06099018351847762,0.011618710997700035
580,193,193,186,97.85868547439192,11.736917495727539,0.0608039528126884,0.011542566614889591
581,193,229,190,61.323463716270226,7.743775367736816,0.038242400741191535,0.0030862111824791413
582,194,194,153,57.86371597179211,8.952155113220215,0.07002161277442451,0.010536297687998105
583,194,194,629,9.585880970369216,2.936713933944702,0.11389741055387059,0.011088890722317954
584,194,185,193,86.66691003910587,10.558518409729004,0.04926506421130703,0.007436545981806562
585,195,195,284,90.03024577202389,11.060012817382812,0.06016687293292941,0.010054011159524045
586,195,195,267,86.71156571605331,9.830126762390137,0.05222041468622219,0.007096869892642042
587,195,195,254,72.4814654053008,8.298891067504883,0.043827738667257726,0.004189089779003542
588,196,232,232,77.11997418970695,9.50863265991211,0.0444770661287609,0.005468675271532997
589,196,366,366,98.80809657925242,11.640656471252441,0.060913857542543436,0.011598180280989339
590,196,196,183,112.70890471774176,10.83279800415039,0.06096199455508685,0.011617859210611467
591,197,197,266,98.76569173119165,11.600678443908691,0.06095663792602219,0.01161566979024288
592,197,197,205,67.67527458097237,8.88648796081543,0.045600461967447554,0.004733947701647777
593,197,196,196,99.44411782386528,11.618281364440918,0.06098960316876709,0.011618473831550097
594,198,198,226,99.45869560192551,10.301424980163574,0.05554320964236948,0.00872175336857145
595,198,197,224,26.091710654802224,5.521114349365234,0.07632049790981005,0.004807625774007429
596,198,198,198,10.0252103442323,6.2388386726379395,0.09697471797515461,0.0006437805477453673
597,199,199,197,99.61463018824554,11.564375877380371,0.06088912632758764,0.011588066108962854
598,199,199,256,87.48287213522613,10.480831146240234,0.05431633072607836,0.008146961902153142
599,199,199,706,34.806596429091556,5.99459171295166,0.07307007500920439,0.005987771286949029
600,200,200,189,79.28890415947892,9.068318367004395,0.04355324378893129,0.005011551713110317
601,200,200,154,115.23225892120402,11.076411247253418,0.0628272005585709,0.012739120932711245
602,200,200,229,26.89791574500678,4.683319091796875,0.07229762637743281,0.0016138886710806242
603,201,193,193,86.92471591270943,10.754405975341797,0.05782128563393884,0.00903037521031955
604,201,182,262,92.94405978985057,11.123475074768066,0.057737918878386404,0.009843882159972703
605,201,193,193,89.4928145998421,10.578795433044434,0.05554842784027052,0.008723797925934945
606,202,182,192,100.50714485681854,11.448148727416992,0.060931212431951036,0.01159461490123696
607,202,202,616,102.60853017321122,11.274041175842285,0.06090041225094232,0.011592681907681014
608,202,202,678,88.13517345702967,10.672579765319824,0.05553251977777111,0.008717565547401218
609,203,153,153,22.03239806474626,4.940084934234619,0.01923980204738312,0.0006050387847597941
610,203,203,192,115.22305861130323,10.32995319366455,0.05995962033622031,0.011047018091647556
611,203,203,599,86.61702710857772,10.87869644165039,0.05536483925759546,0.00865189600886222
612,204,204,207,83.71971566975212,8.897982597351074,0.04726650589377039,0.005288124717692751
613,204,204,155,86.65423369715053,10.850442886352539,0.05554881204143051,0.008722872443187077
614,204,204,155,98.04001664212345,11.721540451049805,0.060916705288880525,0.011599344880119829
615,205,208,474,96.22093056460534,10.129217147827148,0.055417823465129135,0.008672641639312285
616,205,205,471,99.65331655586742,11.570037841796875,0.060915134921308935,0.011598702632834353
617,205,256,233,78.08394573807992,9.710996627807617,0.05034195408643437,0.006428215705107362
618,206,206,267,91.38479296953497,10.583330154418945,0.055559426701210606,0.008727030909201506
619,206,206,267,133.04654144632227,8.27819538116455,0.055585289535378904,0.008738240629503787
620,206,221,824,82.8536915982607,8.739866256713867,0.0446277570780991,0.004884825376658922
621,207,257,222,94.87414760798005,7.022531509399414,0.040135561159744454,0.0033625582708938506
622,207,207,159,98.39376958403733,11.764832496643066,0.060895476669562555,0.011590663453890718
623,207,207,207,96.65268279859467,12.80038070678711,0.08617155933612104,0.009892621924220128
624,208,234,711,91.33806015391478,10.626104354858398,0.05552814739696805,0.008715852675548173
625,208,245,268,109.580095525729,9.681986808776855,0.05549862135339203,0.008704286168861989
626,208,208,204,104.92846111068376,12.177148818969727,0.06272723772617296,0.013670186297119614
627,209,209,151,87.55456558795827,10.746153831481934,0.055515419292247646,0.00871086625706732
628,209,209,191,87.26614261633995,10.835001945495605,0.055528566515168874,0.008716016811020622
629,209,209,461,268.0767172949539,48.86075973510742,0.1,0.0392156862745098
630,210,210,210,57.66841104066611,15.776769638061523,0.058482980294223795,0.0015179022767449757
631,210,210,220,37.79867498239754,6.4958953857421875,0.06425930596820173,0.005564027227490661
632,210,210,210,111.7782632761703,12.00528621673584,0.09028287845496152,0.014106590054931575
633,211,211,603,16.03211381472965,5.33314323425293,0.07924159051932216,0.0036327767073478902
634,211,211,262,89.54674534033374,10.683609008789062,0.05547016401106126,0.008693139773942836
635,211,211,191,98.12276690927644,11.694478988647461,0.06091063686141641,0.011596863298035925
636,212,205,205,16.009391717588436,4.8007659912109375,0.06066076920253522,0.0007903744237538453
637,212,212,203,87.24090951342617,10.773571014404297,0.05551503390610314,0.008710715315557078
638,212,212,289,191.7073930882954,25.594816207885742,0.1,0.0392156862745098
639,213,213,267,219.9352763762161,31.058576583862305,0.1,0.0392156862745098
640,213,213,220,79.3902920434897,10.404833793640137,0.05483523189803479,0.005539636785590482
641,213,213,220,88.27194297232495,10.802779197692871,0.053296717127938625,0.00835051449545721
642,214,214,164,90.57321689244934,13.914128303527832,0.09603620243474609,0.021852744007673643
643,214,214,165,97.8205496794632,11.708014488220215,0.06088218623581959,0.011574571505599006
644,214,214,164,46.527739443639085,16.192285537719727,0.07368668653503135,0.004076014339235587
645,215,215,218,83.39500231795819,10.238408088684082,0.05305221343950488,0.007565875170137064
646,215,215,171,98.26390710125455,11.43947982788086,0.060856488971118915,0.011574714959380516
647,215,215,212,94.45164196232112,10.473360061645508,0.055506213970635085,0.008707260229726718
648,216,216,219,106.39927661237091,11.044938087463379,0.06092961639493239,0.011593962431178627
649,216,216,215,118.78008034764439,10.36108684539795,0.060882183296851945,0.011585226283368336
650,216,22,22,79.04598066564385,10.112298965454102,0.05180693744118706,0.007024448252231176
651,217,217,296,107.272052435437,12.150815963745117,0.06575115356690321,0.014529178459664258
652,217,355,172,99.23272592591087,10.216229438781738,0.05553967313569173,0.008720367976539384
653,217,215,215,86.9252395233447,10.852005004882812,0.05553960421285283,0.008719265274717964
654,218,218,156,96.62099405143472,10.395401954650879,0.05556735194677615,0.008731212350381413
655,218,212,212,71.68267086407644,7.5961737632751465,0.0655026817077199,0.008675945574359106
656,218,213,219,94.53029249491937,10.483354568481445,0.05549462741033317,0.008701647052665289
657,219,219,161,88.79951529487687,10.748228073120117,0.05558688498543753,0.008737789094041978
658,219,219,213,87.85277372160193,10.70191764831543,0.055542062055807535,0.008720228161645468
659,219,220,160,93.31226999910788,10.49113655090332,0.05557858403319281,0.00873561321815762
660,220,220,205,92.03187623049126,10.61205005645752,0.05548867836533497,0.008700391435413367
661,220,220,355,98.70707415748407,11.315434455871582,0.05986713783213797,0.011004368365172844
662,220,205,224,103.4123671798851,11.355171203613281,0.06088314080025385,0.0115856180306806
663,221,221,208,66.26455454305813,8.656550407409668,0.039862855488927706,0.003959088115502843
664,221,266,50,327.1177580965199,55.767208099365234,0.1,0.0392156862745098
665,221,221,206,274.537437834651,79.85025787353516,0.1,0.0392156862745098
666,222,222,216,42.31088108796577,6.118522644042969,0.0479308564048726,0.003091363492138819
667,222,222,222,40.25273750549265,8.672811508178711,0.06936608678818112,0.0023426739929981663
668,222,222,257,98.13203289620895,11.43828010559082,0.06330375779516849,0.011771322643068283
669,223,223,227,91.44683867430325,14.256577491760254,0.0926071110829573,0.016564001094642414
670,223,223,833,96.14254708479311,10.394808769226074,0.05554845605804497,0.008723809012665066
671,223,223,227,92.80068332871386,10.510451316833496,0.055548523071834485,0.00872275914986629
672,224,224,534,99.10240506222108,11.690052032470703,0.06091909210088956,0.011600320634529943
673,224,642,642,106.683572167427,8.874640464782715,0.05036088317493948,0.006434837593744573
674,224,224,782,60.89489757634573,7.796670913696289,0.03826195346394087,0.003090907697858393
675,225,225,211,104.50185210789444,12.10321044921875,0.06468787810901185,0.013891079812967111
676,225,225,235,44.15034626551816,6.765243053436279,0.06848890934086004,0.0070372463837064265
677,225,182,76,98.25491631064263,11.756879806518555,0.0608891195436304,0.011588063341732086
678,226,226,342,100.85257657854511,11.727033615112305,0.0618567429897492,0.012157840010264147
679,226,208,360,99.25623431621848,11.695269584655762,0.06088170406726164,0.01158503036185669
680,226,196,196,99.92020042639382,11.555418968200684,0.06091061088314845,0.011596852766103782
681,227,537,248,89.2093620233566,10.774276733398438,0.05557561683978642,0.00873445066786473
682,227,227,236,95.09777401541783,10.497862815856934,0.05556020994070472,0.008728413980288174
683,227,227,852,76.3973564281283,10.736618041992188,0.05617042741885423,0.007003709409984724
684,228,228,228,75.39393758517159,9.300189971923828,0.04727099116092228,0.005506586302642655
685,228,228,229,48.800684298201794,4.684182167053223,0.06577749605254776,0.0039593214106777306
686,228,228,200,58.7042592912457,9.031920433044434,0.07674831079408419,0.007867887149409815
687,229,229,361,95.92498434548553,10.34197998046875,0.05554314401654678,0.008720651997986939
688,229,229,987,240.34449193883117,29.156620025634766,0.1,0.0392156862745098
689,229,229,332,63.808851799806966,8.341200828552246,0.06915581359229422,0.010169967044664621
690,230,230,169,92.68290612057883,10.517892837524414,0.05549965221027393,0.008704690047778435
691,230,230,231,94.15266970397205,10.44261360168457,0.05552350511726232,0.00871295860760616
692,230,231,231,87.20838361695327,10.8330659866333,0.05556786672788645,0.008731413928860673
693,231,231,230,89.38966185245336,10.64448070526123,0.055523126005083565,0.008713885367570926
694,231,232,232,101.71493096453126,11.46945858001709,0.060925489349066,0.011602936410058228
695,231,232,232,89.07635815113686,10.767815589904785,0.05554254996111614,0.008721495018234413
696,232,232,157,99.1945823248367,11.639801979064941,0.060926817646744555,0.011603479469821692
697,232,232,152,85.89169224051837,14.855945587158203,0.09266242858621378,0.01665570677184482
698,232,231,263,110.99197793061487,10.757499694824219,0.0608659430184056,0.01157858263655473
699,233,233,177,98.02133406732887,10.060248374938965,0.055494322478370675,0.008702602276467814
700,233,233,338,103.22583104744506,9.987448692321777,0.05548475306572527,0.008698853899703533
701,233,197,197,86.69060281888643,10.868946075439453,0.05556064958357462,0.008728586242558834
702,234,165,165,96.0095694813083,10.273653030395508,0.055483450282026635,0.008698343784423333
703,234,234,236,34.70520471406749,15.521318435668945,0.0798267153681484,0.003385559453942616
704,234,236,237,88.07987641901762,10.714910507202148,0.055505308409546636,0.008706905681179756
705,235,177,267,98.0390146185283,11.76004409790039,0.06088845096161536,0.011587790011942715
706,235,235,225,74.49760441227647,9.36740779876709,0.04633974279244502,0.005482941144919477
707,235,235,174,690.0256713057623,14.364762306213379,0.017756710829739564,0.0392156862745098
708,236,236,237,40.56907646259079,7.034696578979492,0.0526381786417104,0.004498881525230904
709,236,676,237,99.29403540088876,11.58565616607666,0.060901004469345155,0.011582265945425912
710,236,234,234,19.29154367720687,4.899697303771973,0.03552174818203986,0.0013703945977330996
711,237,237,112,87.07028962135021,10.837187767028809,0.055540045764038266,0.008720513820278688
712,237,882,882,89.57532993559417,10.678811073303223,0.05544452176716996,0.008683096867735145
713,237,237,253,87.75483915690799,10.787206649780273,0.05560721217250889,0.008746831125438049
714,238,238,241,87.10271543431018,10.824707984924316,0.05559540610027232,0.00874220486529988
715,238,238,241,93.4153067806166,10.565855979919434,0.05557102333380948,0.008731574219090443
716,238,239,217,102.91132078811934,9.903975486755371,0.05552713517488788,0.008715456086596362
717,239,239,240,91.2351151474148,10.632723808288574,0.055540051812135664,0.008720516280786735
718,239,218,219,90.42322054645518,10.647439956665039,0.055598479679711106,0.008743409229355972
719,239,239,240,92.89641799262786,10.505961418151855,0.05560159307374412,0.008744629250412698
720,240,234,236,99.38311296162952,11.623995780944824,0.06085598872439987,0.011574510236600864
721,240,241,241,16.64796587388034,6.539885997772217,0.1005350580067832,0.005417841784940783
722,240,195,237,109.41837193811236,12.001348495483398,0.0666080819742063,0.015087531376107015
723,241,241,232,3.887401899073423,3.839132785797119,0.10588026157335605,0.002074900267764749
724,241,240,239,100.39947194180698,11.613396644592285,0.06098844262982029,0.011617999989705152
725,241,241,238,35.86783998934782,6.294174671173096,0.046965020562623284,0.0032194374993481344
726,242,242,378,88.02596424738957,10.772881507873535,0.05546537953066804,0.008691265880778735
727,242,247,247,48.295433624069666,6.994636535644531,0.0537597499032943,0.004836345812703053
728,242,199,199,81.89743850307289,9.627678871154785,0.050423392910098175,0.006456720729370903
729,243,159,168,100.26669564017493,11.48013687133789,0.06087718866175642,0.011583183150614906
730,243,243,163,92.94765157556077,10.810185432434082,0.0566050182132022,0.009262749683032593
731,243,243,409,99.56195652243504,11.647553443908691,0.06094322142016401,0.01161018577708103
732,244,244,235,86.96602925922897,10.815844535827637,0.055476092356600705,0.008694387458419193
733,244,244,348,115.03991679296159,10.516348838806152,0.06084742175579498,0.011571004858818588
734,244,244,256,62.976118903311715,7.927671909332275,0.0402752304175372,0.003397292669390324
735,245,245,151,63.84695926757902,7.8509697914123535,0.0417111635364201,0.0036019858658900075
736,245,245,254,102.75880869058507,11.33681869506836,0.06094416041148225,0.01161056958674691
737,245,245,700,86.19798965308678,7.312806129455566,0.038203886596308224,0.0030769725102842704
738,246,246,245,88.4361691832911,14.436806678771973,0.09271625863171408,0.016719103413065962
739,246,246,172,83.39685634461975,9.931436538696289,0.051793383470293844,0.007015989037449509
740,246,246,51,6.1314745152712185,3.985011577606201,0.10297911487402235,0.002281213114935027
741,247,247,157,87.66851504346029,10.776005744934082,0.05549237392577263,0.00870183912329493
742,247,247,257,193.21717267128832,25.537384033203125,0.1,0.0392156862745098
743,247,247,151,86.49556025777626,10.85930061340332,0.05546926592120192,0.00869278795531929
744,248,249,805,78.35441890039151,10.136282920837402,0.05174619138553008,0.007002387309289919
745,248,249,249,110.53553640022845,12.121405601501465,0.06752312825799765,0.01567462438918519
746,248,249,249,96.27527823224557,10.954599380493164,0.05780154130324416,0.009869514218466838
747,249,249,232,98.16369387610952,8.833065032958984,0.0488621166707287,0.0058610141639247534
748,249,249,235,103.99511848481194,11.221567153930664,0.060955839788454154,0.011615343624902689
749,249,249,157,105.0621707050917,11.296329498291016,0.06087977034209367,0.011584239212930801
750,250,249,249,101.15555557096248,12.001280784606934,0.06279345050257124,0.012731136450639311
751,250,250,249,88.992719331714,10.693265914916992,0.05557608218229597,0.008734633040422633
752,250,258,258,51.95252135233914,8.079317092895508,0.03924240474884846,0.0032388997682070986
753,251,251,246,100.73420363010204,10.186113357543945,0.05564019295829319,0.008758677975658533
754,251,251,251,208.4348206344938,46.37649917602539,0.2,0.0784313725490196
755,251,251,246,90.58019058030867,9.626209259033203,0.05173390069915007,0.006994397810178028
756,252,252,224,107.15746359897179,11.586319923400879,0.0686932743478153,0.015001982927777373
757,252,252,226,121.06476687309976,10.053465843200684,0.05888270976582724,0.010452165261184202
758,252,252,183,12.09191001211931,4.578904151916504,0.09484688193657102,0.003027182628361786
759,253,253,169,270.32221176716587,70.3970947265625,0.1,0.0392156862745098
760,253,253,171,48.19751751558432,7.609033107757568,0.03478290497510248,0.00256512508386577
761,253,179,264,94.40224653209847,11.084729194641113,0.057760949157466004,0.00985368759680881
762,254,254,195,88.85303151101222,11.048430442810059,0.05669580082442265,0.009298891983496708
763,254,254,180,88.52332420927189,10.723007202148438,0.055490616235127396,0.008700076150970962
764,254,254,245,91.55922821192506,9.622919082641602,0.051709651661915594,0.006989126454403229
765,255,255,244,88.67326490302125,11.030370712280273,0.0588813327715846,0.009567091353193651
766,255,255,341,54.14004398260814,8.594051361083984,0.06615943080356318,0.008933821434433187
767,255,255,244,53.96985652186387,15.91081428527832,0.0804468590613803,0.006395151599787582
768,256,256,97,342.73317414755314,24.962190628051758,0.05573285751773272,0.0392156862745098
769,256,256,268,54.36001200006531,7.37502384185791,0.05739040697757226,0.005893745909447917
770,256,256,256,90.46128641334204,9.844907760620117,0.037481082125599995,0.0015146721084744602
771,257,257,257,12.931749115820285,11.922364234924316,0.08699604444869154,0.0001591165534157099
772,257,222,267,37.27496143411891,6.508623123168945,0.04881991119081088,0.0036235617298408535
773,257,257,332,99.88716208054247,11.612346649169922,0.06093981445975577,0.011608793110817198
774,258,435,738,96.34539894909202,10.33651351928711,0.0555993190179155,0.00874373829476853
775,258,258,203,98.3780264251195,11.75163459777832,0.060890333917128,0.011588560178493204
776,258,279,279,102.01530642201892,10.441372871398926,0.05776951913988989,0.009856613615353359
777,259,259,380,196.52852625546112,23.89923858642578,0.1,0.0392156862745098
778,259,259,260,38.33094509401774,9.520069122314453,0.07372039915774292,0.006328080390808656
779,259,259,260,100.07397636418855,11.557450294494629,0.060882707829417494,0.011585440979770194
780,260,260,193,123.83221275410796,10.64537239074707,0.06318727283493711,0.013173093267509036
781,260,260,260,29.16822246719363,8.607128143310547,0.06765442333690676,0.0016064327270872564
782,260,260,267,84.88646179774733,10.212544441223145,0.053038159435680264,0.0075606160939375375
783,261,261,259,100.48403424118509,11.629365921020508,0.06091185905545525,0.01159736316527317
784,261,261,259,62.45774095813666,7.705142974853516,0.038123814050176306,0.003057310931172952
785,261,261,231,86.40575175940224,10.83210277557373,0.05554386535745291,0.008722010278237203
786,262,262,242,13.426560486137456,4.684195518493652,0.09731887025569445,0.0015158178145920072
787,262,193,341,15.398946888211729,4.370067119598389,0.089913903417721,0.0005295034936879457
788,262,262,252,19.328187171017703,6.261817932128906,0.08137548976192205,0.0017359064374585119
789,263,151,151,103.74823306292028,11.705072402954102,0.06289869988030612,0.012773964352731527
790,263,263,253,104.71527009848732,11.189244270324707,0.06094897910387712,0.011601875914367846
791,263,264,264,108.5042607910837,11.049880027770996,0.060912655303974994,0.011597688844392731
792,264,263,515,89.20749852365321,10.707544326782227,0.055494146226444566,0.008702533266458336
793,264,264,552,90.3595224473981,10.66944408416748,0.05556111080971911,0.008727690816878658
794,264,264,158,95.62241899324778,10.382071495056152,0.05549542467822553,0.008701959464137269
795,265,265,185,105.4931926316467,10.278315544128418,0.05885317213716665,0.010440165939082199
796,265,785,266,84.89319362874846,13.620823860168457,0.07905376730003662,0.01158351534260951
797,265,267,267,274.3322589142657,56.747623443603516,0.1,0.0392156862745098
798,266,266,272,125.43233759392801,9.736433982849121,0.060904649133428065,0.011594414729173039
799,266,267,267,87.08139959374508,10.402566909790039,0.05438688611642835,0.008169441675968541
800,266,266,265,33.56158241828471,13.159839630126953,0.06700507285032312,0.0034702075848635355
801,267,267,266,104.51871732294667,10.653072357177734,0.05782896186289515,0.009881087632222483
802,267,267,160,93.69798449725118,11.065152168273926,0.05783583637692545,0.009883329428306331
