0,0,0,766,46.05248079825197
1,0,0,391,50.66173093160121
2,0,0,390,52.61417409354688
3,1,1,0,98.4999277664328
4,1,1,647,35.5850472585305
5,1,1,1,69.92233561447715
6,2,2,814,55.27976248967917
7,2,2,3,75.18879565356943
8,2,2,3,61.77561310219062
9,2,2,395,65.29654481799125
10,2,2,6,42.77289058337145
11,3,3,2,27.61742435876247
12,3,5,5,68.96039112971984
13,3,4,4,32.41582745187432
14,4,391,391,54.048471095813234
15,4,4,3,43.32813837972251
16,4,4,3,64.86862566561388
17,4,913,913,40.13902056360272
18,4,4,2,29.707182579043966
19,5,5,6,40.87853506061428
20,5,5,3,38.68673101263686
21,5,973,973,174.15235046758175
22,6,6,5,35.3527314607577
23,6,6,5,39.23925908033652
24,6,6,971,35.6945706820746
25,7,7,80,61.594331758846174
26,7,7,8,65.43146114135085
27,7,8,8,54.8625320060056
28,8,8,7,51.241262866430766
29,8,8,24,54.286671085850884
30,8,8,7,54.66040519901809
31,9,9,9,46.44156792035949
32,9,9,337,46.2595234346342
33,9,9,9,63.28900279960301
34,10,10,11,137.17285351112298
35,10,10,10,36.441977835756575
36,10,10,15,44.96820828939062
37,10,10,13,55.46646272965924
38,11,11,11,46.46482251809295
39,11,11,11,47.22315720266315
40,11,11,13,66.41738267851969
41,11,11,11,52.57839180787504
42,12,12,845,49.07646777739981
43,12,12,92,81.79879424383024
44,12,12,12,42.27252799466856
45,13,13,10,39.40814662509195
46,13,13,13,34.10359295156937
47,13,13,10,72.26494951704022
48,13,13,12,33.078058893462995
49,14,14,18,43.85052825865281
50,14,14,12,59.09886446073602
51,14,18,22,36.72366218851905
52,14,14,14,60.587182678523256
53,15,15,10,38.34618162260145
54,15,15,12,28.50667310207763
55,15,15,15,46.18039624930936
56,16,16,16,51.75655749787957
57,16,16,17,37.630607702373545
58,16,16,91,38.32105446276452
59,17,17,16,42.665436703650634
60,17,17,17,54.91691268363512
61,17,17,14,53.2800123197073
62,18,18,18,44.1385934106294
63,18,18,143,41.9403162139671
64,19,19,19,81.04530221469008
65,19,19,19,49.2663717093063
66,19,19,12,45.05307739354337
67,19,19,13,33.23656964836483
68,20,20,20,40.9050132794344
69,20,20,20,59.64502885486259
70,20,20,20,45.94290710359582
71,21,89,89,31.392148980234058
72,21,21,93,42.249481624113415
73,21,21,22,34.56475200285842
74,21,21,142,35.962332892866115
75,22,22,96,58.02794992460671
76,22,22,127,75.6276422973603
77,22,22,21,30.57926834686198
78,23,23,947,59.789241593451166
79,23,23,21,45.06303484644465
80,23,23,119,42.674883637432856
81,24,24,24,42.49276501155643
82,24,24,796,82.08121061808697
83,24,24,83,38.29783679493145
84,24,24,24,45.860682656024785
85,25,25,26,28.39458646017891
86,25,25,25,51.48787036922197
87,25,25,28,43.63835265891939
88,26,27,27,65.54948153674668
89,26,26,390,38.1973945216945
90,26,26,114,53.62810793259427
91,26,26,310,71.84968524067908
92,27,27,26,44.28889657946932
93,27,27,26,46.67057228270605
94,27,26,26,34.114500597294786
95,27,26,57,67.1122889689394
96,28,28,25,42.0682754939989
97,28,25,25,36.748073096447584
98,28,28,124,78.47533503666973
99,28,28,25,38.85866355016309
100,29,29,0,49.08029858547435
101,29,29,29,92.34712917452812
102,30,30,32,49.52593748382262
103,30,40,50,29.988129146307408
104,30,30,32,56.230430804038704
105,31,31,373,38.056552000373195
106,31,31,32,44.273913182440616
107,31,31,31,55.43193535588321
108,31,31,31,52.35185833918137
109,32,32,26,46.103273965650416
110,32,32,26,60.677818034024185
111,32,306,305,36.062160825846696
112,32,26,319,26.393240463391326
113,32,30,30,33.11304166914739
114,33,33,973,45.685741838422345
115,33,34,34,56.40225611383605
116,33,33,36,55.0752735260628
117,34,34,50,30.042049678409672
118,34,35,37,59.6302469922569
119,34,34,853,52.809163339631425
120,35,35,947,35.41447503455348
121,35,37,37,162.84119988454796
122,35,35,36,32.76630453120481
123,35,35,36,32.2805369012443
124,36,37,37,53.784569019492025
125,36,36,35,42.77877237065522
126,36,37,37,38.81774002994182
127,36,36,35,55.394243263255646
128,37,37,35,46.182940686250646
129,37,37,37,63.79360694840699
130,38,38,40,28.770402950850833
131,38,38,971,27.59740259180825
132,38,72,56,57.462857258255404
133,38,38,312,140.27443327304
134,39,39,43,42.4853149267543
135,39,39,39,57.24276380935926
136,39,46,324,40.5424643619342
137,40,46,46,53.232936602835764
138,40,40,47,38.7893899330756
139,40,40,47,67.70165683361724
140,40,40,46,59.04297925474023
141,41,41,44,28.756363024010717
142,41,41,44,37.69903670796303
143,41,41,42,44.44359422143756
144,42,42,390,51.41442251684898
145,42,44,44,60.28292175447014
146,42,42,42,47.46418892881249
147,42,42,42,41.92459895875502
148,43,43,43,57.47402998889391
149,43,43,448,42.39458832578607
150,43,43,42,36.661004864786335
151,44,41,41,56.21761749111842
152,44,44,68,42.845202955972766
153,44,44,26,39.51810984870133
154,45,45,912,48.396821995164515
155,45,45,282,54.18426334426895
156,45,45,45,50.66993460879723
157,46,40,43,99.45835133486376
158,46,39,39,62.58023114921451
159,47,47,46,34.2852371638345
160,47,46,46,42.410665382498934
161,47,47,95,35.40821764761223
162,47,40,40,61.56941616582632
163,48,48,106,38.33915925553663
164,48,48,49,49.24584428147269
165,48,48,39,44.64287544812403
166,49,49,137,29.381784509243964
167,49,977,977,46.4019122492852
168,49,120,120,48.024372753911
169,50,50,49,58.79866098372925
170,50,50,30,46.50513371969822
171,50,50,49,40.945186297121914
172,51,51,835,44.39734273308322
173,51,51,327,38.22376871554893
174,51,51,827,51.39421242031058
175,51,51,51,32.528857499429364
176,52,52,53,58.231573685973714
177,52,52,53,64.62008286098104
178,52,52,616,75.12953171987155
179,52,52,114,61.443977366946186
180,53,53,52,36.4062197001305
181,53,53,52,53.113015318637544
182,53,53,52,41.98635614436603
183,53,53,58,58.709301188632864
184,54,53,53,102.88015593433207
185,54,66,66,27.052126895220354
186,54,57,57,86.55164818171576
187,54,54,68,41.42141861884424
188,55,55,60,34.38868554472635
189,55,64,64,31.238104526165017
190,55,64,64,42.11944047191262
191,56,56,384,56.71694776150167
192,56,56,79,65.11522380527346
193,56,60,298,47.39550582293189
194,57,57,57,65.21308274070932
195,57,57,62,58.54634054201148
196,58,58,649,43.4871444630439
197,58,58,50,29.10692503574321
198,58,58,677,38.19821466336086
199,59,59,55,37.448437048310545
200,59,58,58,28.392479779759473
201,59,616,616,59.0156821374958
202,60,60,68,37.16075608092179
203,60,60,66,54.43353036906181
204,60,53,53,40.03394126292692
205,60,60,44,34.85874818293282
206,61,55,64,74.64446522521031
207,61,61,61,56.836816176097095
208,61,61,60,60.47471945202285
209,61,60,52,74.58911229040376
210,62,62,61,58.82568271782508
211,62,996,996,44.699775445372886
212,62,62,66,46.840707678291324
213,62,54,54,35.44569505004932
214,63,56,60,54.13815494939972
215,63,63,390,56.2536569658451
216,63,305,305,48.760802768671375
217,63,63,58,41.52006254897738
218,63,60,60,37.763894890275616
219,64,64,55,30.217725256755685
220,64,64,55,30.916030053209134
221,64,64,79,48.96597387273499
222,64,55,55,44.988472088789784
223,65,65,65,30.933963552819947
224,65,65,79,28.336592519713026
225,65,65,397,32.4014030282782
226,66,66,68,40.97310970373711
227,66,68,68,31.045589904137444
228,66,66,112,43.36838768819997
229,67,67,68,44.62147584205674
230,67,67,67,57.74734817812144
231,67,67,54,28.862203331667587
232,68,68,66,50.43738407157754
233,68,66,66,53.64694667199768
234,68,66,66,74.43348339243518
235,69,69,112,77.14061217565046
236,69,69,116,28.381597053118842
237,69,69,116,85.14617751146871
238,69,69,649,46.81550270447882
239,70,70,313,36.69360486326829
240,70,70,70,47.56500110277782
241,70,70,74,55.98174751957714
242,70,310,310,32.31428249671493
243,71,71,728,86.7799889112038
244,72,72,74,68.77745284199129
245,72,74,74,35.59984612693041
246,72,74,74,35.97595480274636
247,72,72,74,57.51136254793538
248,72,72,74,36.32878020735035
249,73,74,74,134.69688847579232
250,74,73,73,49.487069708412385
251,74,72,72,44.418841721050924
252,74,74,73,49.97376664046509
253,74,74,73,34.68511990132079
254,75,75,70,42.978317346514224
255,75,75,70,62.18379360994134
256,75,73,73,58.35596981836565
257,76,76,76,47.06410417600263
258,76,76,77,33.67592205545136
259,76,76,73,54.23827406200824
260,77,73,73,203.15089154941882
261,77,77,74,44.359163447731554
262,77,73,75,38.76573509784606
263,78,78,73,30.55529158476978
264,78,78,304,29.27901645089191
265,78,78,435,97.75499114600012
266,78,78,73,10.579200134149168
267,78,78,73,66.19034281259225
268,78,70,70,27.436798975417375
269,78,78,125,28.555074420023324
270,78,78,74,46.579371084183016
271,78,917,551,34.036611795552695
272,78,78,78,53.05335765155959
273,78,78,78,78.56145367171268
274,79,79,126,140.5303453006979
275,79,79,29,59.62612978470128
276,79,316,316,70.50630515772374
277,79,79,79,34.50337107639125
278,80,80,137,27.07811426850279
279,80,80,8,34.35841455636137
280,80,80,100,54.292285333095826
281,81,81,8,54.96420620656987
282,81,81,86,74.56910251164385
283,81,81,82,29.502120719223424
284,81,749,389,42.65888927247499
285,82,82,86,36.48357518286114
286,82,82,81,57.091072416572615
287,83,83,83,37.1354699613572
288,83,83,85,45.0236680437281
289,83,138,99,47.3466633476979
290,84,84,84,42.2947993196826
291,84,84,84,40.68383009234498
292,84,815,688,45.67130863225396
293,85,139,139,79.98594717592194
294,85,85,85,32.23572594568065
295,85,85,85,90.51029389337288
296,86,86,82,42.29004443905766
297,86,86,82,35.46317840048002
298,86,82,81,48.60656585464622
299,87,87,600,30.814521947600575
300,87,87,87,43.71285730003662
301,87,87,87,43.25188606123794
302,88,88,90,46.77072902298542
303,88,88,88,51.06110672031244
304,88,88,88,57.5298609590573
305,89,89,852,39.80804462370596
306,89,89,146,39.89657975002154
307,89,89,87,64.73026317412688
308,89,89,89,48.55994347654189
309,90,90,92,55.53201018064921
310,90,90,90,46.24767678693268
311,90,90,96,71.92723992820683
312,90,90,90,83.75093589360871
313,91,91,94,34.58533657183865
314,91,91,91,51.380298641696584
315,91,91,91,58.15470805527738
316,92,92,10,56.87031888660714
317,92,92,92,38.86161181734589
318,92,92,91,36.75247810110756
319,92,92,92,64.84742609846226
320,93,93,23,39.42974262669231
321,93,375,375,54.060942374058946
322,93,93,96,53.717193791360465
323,94,94,138,60.2779029262626
324,94,94,133,47.198617377558115
325,94,94,94,37.49145545697967
326,94,94,16,35.35514411998891
327,95,95,94,34.78499608527639
328,95,95,95,42.16974223597327
329,95,95,95,51.65115818025091
330,95,95,94,51.081267171810815
331,96,96,428,30.295367221050434
332,96,96,93,39.82897285744831
333,96,96,88,53.77011418999727
334,97,137,137,33.11899627077389
335,97,97,84,63.71046281770499
336,97,137,103,111.61170396866761
337,98,98,143,28.51083479869328
338,98,98,143,36.75700644628393
339,98,98,142,32.95058217355823
340,98,98,98,30.55668194764086
341,99,99,97,39.12847872314467
342,99,99,132,54.469176592063675
343,99,99,134,45.03047950546749
344,100,100,136,76.47691284299854
345,100,100,100,57.82300710384321
346,100,100,100,55.41335158960183
347,100,100,137,47.312726889256
348,101,101,342,41.29177505274559
349,101,101,385,42.48094886011933
350,101,385,385,43.958009706330245
351,102,102,334,53.37727532039591
352,102,102,102,43.789226934160155
353,103,103,344,54.980231309373245
354,103,103,394,42.1228346238265
355,103,30,32,43.10960043054853
356,103,103,337,32.0311130514949
357,104,104,274,51.97207954580068
358,104,104,382,54.18310990954514
359,104,104,81,50.32999783903156
360,105,105,105,55.076765217763416
361,105,105,105,51.87473038237631
362,105,105,105,56.60479523525214
363,106,106,221,29.31030629348407
364,106,106,337,48.746955895754034
365,106,106,337,39.426889864805965
366,107,107,296,40.37157063870145
367,107,107,107,70.56531372309396
368,107,107,107,49.61264698600735
369,107,107,406,46.09885035628254
370,107,528,604,41.382971969387526
371,108,973,973,44.44738105224727
372,108,985,985,75.52391375490687
373,108,108,938,58.784956382949325
374,109,109,973,50.402658349022595
375,109,109,973,42.657838059958536
376,109,109,107,61.795514698364066
377,110,110,115,74.98877623302297
378,110,110,115,68.40128701004122
379,111,111,677,81.08521833659066
380,111,111,530,28.81982936060479
381,111,111,688,23.798102905118053
382,111,309,815,34.95565113119035
383,111,111,318,53.58624755549955
384,111,111,821,42.62931526004741
385,111,111,688,77.52319228636848
386,112,113,113,66.33456792698384
387,112,113,113,42.54880570772512
388,112,113,114,56.70391720352434
389,112,112,991,34.38835168132915
390,113,113,113,45.15039946786684
391,113,428,428,53.13769707561166
392,113,113,114,52.84238595177928
393,114,114,113,138.2054086243537
394,114,114,32,35.26582791605335
395,114,114,113,40.45356987800291
396,114,114,113,42.900808928473566
397,114,114,329,43.79887811012195
398,115,115,110,67.38710966393886
399,115,115,114,49.41508631325018
400,116,116,116,44.217774613147796
401,116,956,956,49.52055535310486
402,116,116,36,46.266252720830146
403,117,117,429,42.643756786630945
404,117,117,117,54.2014133291449
405,117,117,397,54.20033663200249
406,118,955,955,32.770185101300065
407,118,118,121,60.75734822675482
408,118,118,119,36.37540398123296
409,118,118,121,39.08121815026239
410,119,119,75,33.31104000087425
411,119,119,120,39.98183545510292
412,119,118,118,40.306169860095224
413,119,118,840,39.101839701579834
414,120,120,125,52.91035619960281
415,120,591,591,80.9156187324145
416,120,119,122,42.19932835750091
417,121,119,119,46.85941565093313
418,121,121,121,43.70127008155205
419,121,121,118,106.45720959248293
420,121,121,118,56.415550777325215
421,122,122,123,165.9043577821595
422,123,123,973,45.492995477404094
423,123,124,124,86.57332535421891
424,124,124,123,36.6141277323598
425,124,124,316,54.37680560625794
426,124,123,123,41.579529175049984
427,125,125,118,56.35817382280003
428,125,125,116,62.096988296651496
429,126,126,329,56.663861715497916
430,126,126,828,44.94872503644264
431,126,712,712,38.829048166675264
432,127,127,134,32.348346243846734
433,127,127,99,37.52416869395369
434,127,127,128,43.94562034432405
435,127,127,128,52.142947958543466
436,128,128,127,64.13832451968601
437,128,128,127,49.48462638012529
438,128,350,350,45.437062800176626
439,128,384,383,39.019882852097815
440,128,128,134,40.00706827831169
441,129,129,130,38.08882485046232
442,129,129,129,41.64677300268891
443,129,129,130,85.02149255237654
444,129,129,134,61.68921970596088
445,130,130,145,60.06740338299063
446,130,130,129,45.51917091580271
447,130,130,129,71.35982875262278
448,131,131,128,30.372525147564268
449,131,131,134,54.274690570350394
450,131,131,129,20.02591362790786
451,131,131,131,36.51988985449598
452,132,132,134,50.62029715388987
453,132,132,89,58.066692301379085
454,132,132,134,47.54973294091657
455,133,142,139,57.992438048766076
456,133,133,145,36.08021070716282
457,133,133,364,49.822767795684086
458,134,134,127,43.253215614831824
459,134,134,9,82.92797798329782
460,134,895,908,34.05644788080672
461,135,135,142,35.83088651280719
462,135,135,135,55.38126427102145
463,135,135,135,59.36652521224005
464,136,136,14,31.452324993244567
465,136,136,80,55.222270409246846
466,136,14,14,39.66049183464585
467,137,137,136,44.40376750284902
468,137,137,136,57.632129395276316
469,137,23,22,45.41728892262505
470,138,138,138,34.08060959231674
471,138,138,353,40.03241834174778
472,138,138,138,45.83900385386974
473,139,139,140,46.99887924975998
474,139,139,97,38.4759437992991
475,139,139,143,44.94276996487919
476,140,140,138,31.94534936934757
477,140,140,140,32.505587787744524
478,140,140,87,32.90370666694785
479,141,141,20,30.48892909149457
480,141,141,141,58.24078636399903
481,141,141,142,43.54368990458368
482,142,142,141,32.638510918614834
483,142,142,138,33.014432280116914
484,142,142,141,45.52004302430525
485,142,140,140,36.448896495406764
486,143,143,128,61.87267775406978
487,143,143,143,36.24301045727097
488,143,143,128,40.37803265304667
489,144,144,144,69.13633594375037
490,144,144,99,48.96165591558026
491,144,144,93,98.0319478609309
492,144,144,128,53.5150939411098
493,145,145,145,40.6849342118018
494,145,145,145,51.556022680863165
495,145,145,225,48.00686317683958
496,146,145,145,46.00246352931661
497,146,146,23,43.98020207345605
498,146,146,143,34.01759826290607
499,147,147,147,33.83443141711042
500,147,147,223,61.40564585991727
501,147,147,295,29.354146946415604
502,147,147,148,33.68963437059852
503,148,148,147,43.52126661199373
504,148,148,148,45.866109624432816
505,148,148,147,38.060109268773964
506,149,149,3,59.353992350564596
507,149,149,6,38.57620450987038
508,149,149,344,40.885073424764606
509,149,149,344,67.45689220518287
510,150,150,360,48.97562647513137
511,150,150,294,49.504184988228424
512,150,150,357,72.50011248228243
513,151,876,435,40.552529802038876
514,151,151,237,77.35743282757286
515,151,151,237,34.65713981086269
516,151,151,237,49.06032729155288
517,151,151,196,34.55018170217982
518,152,152,156,42.43804156300831
519,152,152,155,51.08633801410265
520,152,152,155,38.73749208033061
521,152,157,157,60.16844111239653
522,152,154,154,69.34003615799071
523,153,153,700,45.27506448484571
524,153,153,204,44.74150747328597
525,153,153,204,36.19500594746461
526,153,153,204,79.4683636762436
527,154,152,152,70.36687602432534
528,154,201,201,60.41714912151453
529,154,154,254,58.10873266321546
530,154,154,332,30.043697037161458
531,155,155,204,73.17215186193536
532,155,204,204,37.368992172798166
533,155,155,153,60.96684057488903
534,155,155,204,91.63267331832085
535,156,156,218,39.37412269018003
536,156,156,218,43.830416568637865
537,156,156,215,51.59424276260825
538,157,157,156,50.78423831764479
539,157,264,264,34.44974739821756
540,157,157,152,38.40143781173107
541,158,195,195,46.33717099830458
542,158,158,543,33.718084143062136
543,158,158,263,34.511333748917934
544,158,158,236,49.67785903511677
545,158,195,195,39.6112051424735
546,159,159,211,84.84427249012852
547,159,180,180,47.439073063785756
548,159,212,212,57.93227178246942
549,160,226,192,69.79066914867774
550,160,160,226,40.2379325522447
551,160,160,417,37.450488624470324
552,160,160,212,52.62857870873751
553,161,161,163,45.40312849764307
554,161,161,217,55.65584021280957
555,161,161,218,78.02231804704441
556,162,162,168,50.821850896654794
557,162,161,161,38.68531360781997
558,162,162,173,97.01559326776798
559,162,166,166,42.152182805739415
560,163,163,162,37.692402747042884
561,163,163,168,12.715610438836247
562,163,163,163,46.76173212044589
563,163,163,243,57.330615426755436
564,163,208,208,67.57070514271601
565,164,164,212,38.78047247230955
566,164,236,236,62.972322214614906
567,164,164,162,37.179921878847274
568,165,165,241,53.21614601594792
569,165,165,163,43.73554373119913
570,165,234,234,43.34683590727425
571,165,165,237,39.22597741352977
572,166,161,161,58.30225168380455
573,166,162,264,43.05096706198292
574,166,166,162,54.64854274203094
575,167,166,166,57.827414386390494
576,167,167,162,47.2680166802505
577,167,162,162,46.953005824811925
578,167,215,215,43.100323643194976
579,167,215,215,42.13601608139822
580,167,166,166,55.39045681740016
581,168,168,211,31.653427948856873
582,168,209,179,70.36129593039858
583,168,168,159,91.16348255358882
584,168,168,207,44.45015895595397
585,169,169,257,54.183904159997496
586,169,169,831,36.769470606597686
587,169,232,200,48.2974424562447
588,170,172,172,78.68103652671891
589,170,269,106,43.59517477931935
590,170,170,177,35.992261438516095
591,170,170,192,40.557382493129154
592,170,177,177,82.39768538987627
593,171,171,173,44.714906191470625
594,171,172,172,49.072578000363706
595,171,227,244,66.83274794495415
596,171,158,700,32.555657888053446
597,172,172,151,34.7911256803409
598,172,158,158,59.57663881491008
599,172,172,176,46.662970414963326
600,173,173,253,47.0430339043009
601,173,180,179,72.69222027878757
602,173,173,215,31.034880181963054
603,173,173,215,51.18116158456199
604,174,174,225,39.63222466362237
605,174,174,235,37.44443562610564
606,174,174,223,33.762425758813485
607,175,175,193,71.95906999704968
608,175,175,185,37.262049972095646
609,175,175,201,42.611995868519145
610,176,172,172,59.912721259000094
611,176,176,211,44.91584929837112
612,176,176,163,45.9682385974297
613,176,176,176,28.860627015506104
614,176,176,169,43.58971379532697
615,177,177,170,48.243795742732615
616,177,177,170,57.704191193511555
617,177,214,234,41.98996311452764
618,178,168,168,63.949472180162076
619,178,178,248,40.24261338293575
620,178,178,208,57.1082287642925
621,179,179,180,43.20419772271566
622,179,179,180,46.769448584958546
623,179,179,242,34.3037954286291
624,180,208,205,50.96431950435417
625,180,180,184,52.85267576686214
626,180,159,159,60.17090842831377
627,181,181,203,74.94843789839784
628,181,181,202,48.14996313094869
629,181,181,266,42.795145548456965
630,181,181,267,28.379965025476803
631,182,182,184,67.86979843362533
632,182,182,254,34.723039955353606
633,182,182,235,79.7963259195497
634,183,183,233,60.21431642224786
635,183,196,196,65.75309980036032
636,183,183,265,59.860278955499666
637,183,267,267,70.74827985715511
638,183,183,265,66.19227508224556
639,184,184,185,33.21038744888096
640,184,182,182,34.539482595486724
641,184,184,202,38.893412545287916
642,184,184,191,58.79893739477282
643,185,185,265,42.88157322402366
644,185,185,186,60.692973147647585
645,185,185,186,57.25218887839086
646,186,193,193,39.93813895523948
647,186,186,185,57.51205857840666
648,186,186,192,32.43127327215765
649,187,187,201,60.40477777896426
650,187,187,193,41.27397031225381
651,187,187,194,41.598397515336636
652,188,188,189,42.19806554661432
653,188,188,189,58.48932104129687
654,188,181,181,54.64277724415895
655,189,189,191,37.81083240576306
656,189,189,191,51.38882889146382
657,189,189,191,66.08967245740764
658,190,190,170,34.89634020856899
659,190,190,181,216.25787275027096
660,191,191,266,46.944601073037475
661,191,191,189,46.70607286094487
662,191,191,184,52.26052381265271
663,192,192,608,51.259221568055246
664,192,192,199,38.171522132371464
665,193,187,187,41.24840721886125
666,193,193,186,45.16482261310523
667,193,193,201,41.537182649360005
668,194,194,194,119.58529237847326
669,194,194,200,49.61039776238286
670,194,194,204,41.4530841732479
671,194,194,175,92.26364240564814
672,194,194,200,81.39333715978731
673,194,194,265,36.59444913456145
674,194,194,194,53.43420034284072
675,195,195,195,134.9270372601606
676,195,195,245,48.99434522713625
677,195,195,245,52.17432433599769
678,195,195,245,63.20436291126958
679,196,199,199,16.685031855847413
680,196,196,198,45.96994393855671
681,196,196,198,54.391246870099344
682,196,196,198,79.68090551458532
683,196,196,198,26.206885108220167
684,196,196,198,28.271085634530923
685,196,196,188,43.68800754933154
686,197,197,233,76.638692802348
687,197,198,196,67.1700361557034
688,197,197,233,66.80704129154134
689,198,198,197,56.31905102259876
690,198,198,196,34.49228604653633
691,198,198,197,47.330750117153464
692,198,197,197,63.8389938407842
693,199,199,199,54.888921907085866
694,199,199,196,60.221468043325004
695,199,199,197,39.10023223418246
696,200,200,204,45.930232694255906
697,200,200,252,46.622892438560015
698,200,202,184,44.4185614486642
699,201,201,187,52.94689069733923
700,201,201,187,64.89171975965994
701,201,201,200,72.71386744040203
702,201,193,193,115.54373984531821
703,202,204,204,56.18684303896399
704,202,202,184,54.88020280454758
705,203,203,192,35.47296619719222
706,203,203,188,78.54614979303447
707,203,203,192,53.29006953220654
708,203,203,228,49.17935041867534
709,204,204,155,73.04808929969994
710,204,153,266,30.618798197681954
711,204,204,155,69.56685713184066
712,204,204,200,71.28771932372977
713,204,155,155,40.7157810460886
714,205,205,179,56.869257142010305
715,205,205,224,37.56444176476015
716,205,205,206,42.5096549206055
717,206,206,205,69.62532748210688
718,206,206,214,57.791888474570065
719,206,206,267,40.940341999502905
720,206,206,295,30.862390410826514
721,207,239,239,55.62613695428955
722,207,207,176,46.72778784183621
723,207,207,267,31.74535882219423
724,207,207,219,49.04723620183188
725,208,208,234,87.26544883763944
726,208,208,295,53.071191133051336
727,208,208,205,41.51790102849589
728,209,209,221,106.99554540522465
729,209,209,206,49.966225480057936
730,209,209,184,36.22126621832088
731,209,209,184,45.27178601541413
732,210,211,211,60.02998123616362
733,210,210,210,43.72865222774938
734,211,211,159,57.0836518399989
735,211,211,159,56.70520421523619
736,211,211,208,64.42176484656096
737,212,215,215,55.995199904602934
738,212,212,227,49.33282547657335
739,212,212,251,46.47037896788391
740,212,217,217,33.21185205829287
741,213,213,220,70.41447550846425
742,213,213,76,34.9348315422566
743,213,213,852,32.93478361516699
744,214,234,262,49.44496030142647
745,214,214,198,75.2926538233957
746,214,214,256,43.99036903227666
747,215,266,266,61.35843147334962
748,215,217,210,48.75238080152742
749,216,216,219,61.24903298823473
750,216,216,212,61.347356003450166
751,216,216,190,84.52227846779317
752,216,216,212,59.166405813575686
753,217,217,218,47.21183265954541
754,217,217,218,45.881239319876315
755,217,217,264,51.95601665238689
756,217,217,240,36.86847252653659
757,218,218,217,44.46321278892727
758,218,218,188,33.60593091102317
759,218,218,215,62.72154509483844
760,219,219,266,34.84325394390339
761,219,219,216,48.3112724857939
762,219,214,205,36.180100745968794
763,219,207,207,59.17133432864213
764,220,220,256,40.30290727855333
765,220,220,213,33.4771805247169
766,220,220,213,50.71048077562082
767,220,220,256,46.023065304319246
768,221,221,214,50.27665869005977
769,221,221,97,43.46147813467254
770,221,256,233,64.07662922712917
771,221,221,221,74.33038497660291
772,221,221,267,34.061173649186266
773,222,222,207,57.041440626608264
774,222,222,257,39.67043877214602
775,222,222,257,37.68218082952366
776,222,222,257,57.81377863172791
777,223,223,224,79.7188850662919
778,223,223,224,62.194591371594186
779,223,223,199,78.35611260376409
780,223,223,224,38.396590237610134
781,224,224,199,75.92461856393825
782,224,224,223,55.86469438471497
783,224,223,223,36.94267155582559
784,224,224,199,35.303145437686
785,225,225,246,47.903704669299614
786,225,225,235,29.045784745936256
787,225,225,255,40.633381423240934
788,225,225,235,56.761373575373135
789,226,192,182,53.897909463403444
790,226,226,160,27.599504817099685
791,226,226,202,77.08543484735277
792,226,226,200,38.33640988352323
793,227,208,267,38.98010462295761
794,227,227,227,63.3442997199317
795,227,151,151,52.15192796003463
796,227,227,235,32.396911219353825
797,228,228,348,63.98063423319668
798,228,228,170,89.31370540976378
799,228,228,229,50.926465383756565
800,228,228,196,49.65001887116365
801,229,229,200,47.428015712708195
802,229,229,267,67.51957529424948
803,229,229,228,55.0942786179808
804,229,229,228,34.18724017580321
805,229,229,181,43.33989734884561
806,229,229,239,51.693813382541435
807,230,230,447,68.5453777690536
808,230,230,231,49.79187776018779
809,230,230,539,40.362482149482354
810,230,230,231,40.224152517878395
811,231,231,230,44.217898017181376
812,231,231,230,44.5950810617884
813,231,231,230,34.346136741152385
814,232,231,231,44.456071382651544
815,232,232,231,64.34680428426141
816,232,761,761,66.35481652001688
817,233,233,252,82.92802007285688
818,233,233,223,43.68807103823364
819,233,233,198,39.932807091819086
820,233,233,106,78.9118435916623
821,234,234,852,65.56657373507832
822,234,234,214,69.8638360104775
823,234,234,227,64.70144132158893
824,235,235,196,46.48838133351617
825,235,235,225,42.718191783889154
826,235,235,225,48.54462137545962
827,236,214,214,31.91342489337766
828,236,236,489,47.93712351345288
829,236,234,234,39.48783065581291
830,237,237,158,34.48672663040737
831,237,237,158,118.1429905675241
832,237,237,165,77.86862880250209
833,237,237,241,38.46139229203661
834,238,238,239,72.19243745978405
835,238,238,179,37.691031519773084
836,238,238,241,52.811187726478
837,238,238,240,81.33738731078778
838,239,238,238,72.87161249182374
839,239,239,240,59.01887159610599
840,239,239,238,77.28044980214054
841,240,238,238,57.896553989580774
842,240,241,238,48.18585513554423
843,240,238,238,40.01985961636178
844,241,238,238,52.38243028490524
845,241,241,240,17.007954688537975
846,241,151,151,41.705708165354146
847,241,241,227,20.64769746694644
848,241,241,240,38.58212112544477
849,241,241,240,32.41938059816167
850,241,240,240,122.61052347567453
851,241,241,232,48.832727671528396
852,242,242,243,39.60952706507877
853,242,242,215,89.47427158008837
854,242,242,242,46.704108383963714
855,242,242,245,44.56391846448401
856,243,243,254,66.95506924977532
857,243,243,180,43.01519617270671
858,243,243,254,97.38922728354044
859,244,244,244,85.90765864851355
860,244,244,214,46.08412888728676
861,244,244,244,52.226175834865344
862,245,151,151,67.67293670541555
863,245,245,254,44.416140640278826
864,245,189,189,29.878481087174922
865,245,179,179,62.00398451611423
866,246,159,211,40.62084218728492
867,246,243,243,48.19646158648379
868,246,246,164,39.96008329368749
869,247,247,247,99.6477768730351
870,247,247,217,48.96240466349896
871,247,247,239,51.69992610528532
872,247,247,247,51.40755303072845
873,248,248,250,36.70019787977451
874,248,537,537,91.14950728417531
875,248,248,250,61.47961690493243
876,248,222,222,75.66060947731881
877,249,249,248,54.83685707646928
878,249,256,256,53.54757465415351
879,249,249,261,38.964964652892874
880,250,250,249,40.3667917015382
881,250,250,249,58.131335997585985
882,250,250,248,49.64309074548295
883,250,248,249,31.09843804297843
884,251,251,251,53.562712834216
885,251,251,824,57.23878324683473
886,251,251,251,29.891577894658877
887,252,252,252,69.72907302496067
888,252,252,197,77.49132062057576
889,252,252,200,40.9801005386892
890,252,252,262,47.0448788430363
891,252,252,262,20.533227598272646
892,253,253,263,65.77869643700058
893,253,253,231,42.841165478265026
894,253,238,238,59.373830953155775
895,254,254,262,134.69277616470313
896,254,254,245,41.23924751604171
897,254,254,245,66.33617977894772
898,255,255,226,44.43404779476321
899,255,255,255,47.75253555339073
900,255,255,247,37.63556909779777
901,256,256,244,68.07847044075118
902,256,256,218,40.02871357639825
903,256,256,244,58.15314883386524
904,257,257,249,40.0531322596488
905,257,257,222,38.17814073060758
906,257,257,215,45.30180805551352
907,257,257,222,42.3102210485148
908,257,208,208,38.963701640489994
909,258,258,222,32.70209285895898
910,258,258,222,43.612974156922604
911,258,258,279,36.35274303949017
912,258,258,260,43.24879013399116
913,259,259,261,40.599144983016984
914,259,259,260,60.77206591078897
915,259,259,151,55.96024110834252
916,260,260,231,59.54455617828283
917,260,260,186,45.307119875788814
918,260,260,244,36.65271081732174
919,261,261,256,39.84666673382454
920,261,261,259,45.07882331861563
921,261,261,261,53.00448951475741
922,262,168,211,52.93783748619334
923,262,252,252,36.356850587703285
924,262,262,254,49.51461661821992
925,262,262,154,137.86368922379478
926,263,263,700,73.16644441139947
927,263,263,264,50.40301466044124
928,263,263,264,67.01423882298906
929,263,263,273,54.14119269634293
930,264,264,264,62.35481659106932
931,264,264,269,38.621931818772055
932,264,263,263,81.42788072188621
933,265,265,228,44.174757872537896
934,265,265,185,33.25783268330899
935,265,266,221,37.42556323339897
936,265,266,267,53.7936789543065
937,266,265,850,82.89610156210233
938,266,266,265,42.44853510288292
939,266,221,221,54.155542507743164
940,266,266,265,61.72422180309182
941,267,267,266,35.16425868117156
942,267,267,265,50.55106191438445
943,268,177,179,32.540651045796544
944,268,268,171,32.992597808440784
945,268,268,268,58.49667207229823
946,269,347,347,58.635668802241476
947,269,269,537,42.72273879024212
948,269,269,280,60.11665062936532
949,269,269,273,36.90472056441785
950,269,224,224,168.84189844782816
951,269,272,104,46.94232031713434
952,269,269,273,52.97835063455689
953,269,269,257,43.05697426259245
954,270,269,269,91.70521306399769
955,270,270,279,60.28429923773207
956,270,270,269,44.766307788236766
957,270,270,269,58.438774960318995
958,271,271,273,19.46812458107816
959,271,269,269,57.491782543832436
960,271,271,272,89.07201786107859
961,271,271,275,42.772297350582
962,272,272,269,36.44720565968096
963,272,272,277,87.85860398107474
964,272,272,271,46.36406272223906
965,272,272,186,14.98826022194862
966,272,272,271,62.61551379998019
967,272,269,269,24.56131019727542
968,272,272,271,32.92526072175857
969,272,362,362,25.81806559357862
970,272,272,269,47.79526336850312
971,273,273,277,42.152718253644686
972,273,273,270,55.477466675844774
973,273,151,264,40.808912745398054
974,273,273,274,39.1793503486132
975,274,274,273,50.50224936932986
976,274,274,271,65.38149564004512
977,274,274,277,67.39891523969034
978,275,275,275,44.619528109230544
979,275,275,275,41.229053907950416
980,275,275,276,37.82114615546504
981,276,276,298,61.79191164169208
982,276,276,275,43.44272624807997
983,276,276,275,27.33163344320606
984,276,276,282,27.692815756297357
985,276,276,186,40.36097885298975
986,276,276,172,46.7161231603347
987,277,278,278,91.43970468840801
988,277,278,278,60.529998120274435
989,277,280,274,23.08077456144383
990,277,273,225,40.89730181764559
991,277,280,271,59.75067066145095
992,277,280,280,26.94625289412115
993,277,277,278,59.207650973444814
994,277,277,278,43.85561507471675
995,278,278,277,57.73447414745058
996,278,277,277,41.307851219930136
997,279,279,270,39.791034238960734
998,279,279,270,29.730251408469247
999,279,279,296,43.27198729801827
1000,279,279,356,40.63572549995206
1001,279,279,270,41.779482023533475
1002,280,280,278,48.77235683067885
1003,280,280,271,49.618180865044785
1004,280,280,278,55.141277250003476
1005,280,280,335,17.559789311533788
1006,280,279,279,14.147056379676908
1007,280,280,278,22.634198560949198
1008,281,281,282,65.12615249757346
1009,281,281,282,34.51633069270812
1010,281,282,282,47.3547109169465
1011,281,285,285,52.8488069992977
1012,281,281,539,42.352648030085646
1013,281,281,282,201.40349051116445
1014,282,281,281,70.03090445474128
1015,282,292,292,63.66490163856469
1016,282,281,287,37.01535066521849
1017,282,285,285,66.40919745870951
1018,282,797,797,36.79688339834036
1019,282,281,281,36.02097098093212
1020,283,283,284,177.57968224015684
1021,283,283,152,89.27826959952544
1022,283,750,750,42.9259726443753
1023,283,283,283,38.59911979663196
1024,283,281,281,47.62697434732872
1025,283,283,722,32.20246128410148
1026,283,283,338,55.77546900014704
1027,283,283,504,43.92220618888201
1028,284,284,192,91.6934212996283
1029,284,284,284,71.57865038325181
1030,284,284,254,46.1005360696153
1031,285,894,806,71.6390130968995
1032,285,761,673,37.76090958150202
1033,285,104,104,41.314926492897946
1034,286,291,291,46.124137363926245
1035,286,286,291,47.647771444294754
1036,286,286,287,36.35268919570563
1037,287,287,289,32.285307102664376
1038,287,286,356,28.663662154316015
1039,287,287,278,29.902754261655325
1040,287,287,286,27.562072013019762
1041,288,288,290,15.829586523889244
1042,288,288,290,34.10301250942328
1043,288,288,293,65.10132790917298
1044,288,288,293,277.103948245129
1045,288,288,290,17.422083308605615
1046,289,289,288,66.27096855640089
1047,289,289,288,32.28745581404752
1048,289,288,288,37.74581856108885
1049,289,289,288,50.073132645586114
1050,289,289,276,50.652902387582046
1051,290,290,288,66.15319573759108
1052,290,290,290,21.78329680506113
1053,290,290,288,39.81394716744198
1054,290,290,288,30.867075142764367
1055,290,290,288,78.65889703709709
1056,291,291,345,20.945017837715515
1057,291,291,272,21.876204708645734
1058,291,291,291,38.06323270331213
1059,291,291,345,26.827350430203477
1060,291,291,291,35.98648631533398
1061,291,291,355,27.885562905469072
1062,291,291,291,61.53481842941529
1063,291,291,260,55.90033799828494
1064,291,291,294,31.642476834423345
1065,291,291,291,37.3621765517026
1066,291,291,291,49.264778988245034
1067,291,291,372,33.10673219647849
1068,292,288,288,38.21560104874027
1069,292,292,282,22.48687699479328
1070,292,291,291,53.80427673182488
1071,292,292,282,23.581039222458948
1072,292,282,282,59.428921454099054
1073,292,292,292,50.524793141831076
1074,292,292,282,17.198378097140647
1075,292,292,289,61.69852698327321
1076,293,293,290,122.20597767052507
1077,293,293,293,38.47091152313722
1078,293,293,288,124.47388389671003
1079,294,294,296,34.35921907930912
1080,294,294,337,16.973955347135686
1081,294,294,295,46.14950557554596
1082,294,295,295,99.3899056288221
1083,294,294,294,48.67728650056264
1084,295,295,357,27.701535716051477
1085,295,295,101,41.83152337722489
1086,295,295,294,30.55853456108054
1087,295,224,224,117.36757144553499
1088,295,295,297,41.59911114064668
1089,296,296,294,16.897339636205945
1090,296,296,270,18.189622818462162
1091,296,296,279,69.06604004714517
1092,296,296,296,47.00493121061456
1093,296,296,336,38.63734579645466
1094,296,296,105,91.50292543827663
1095,296,296,222,40.15015041273381
1096,297,297,295,9.650143261483358
1097,297,297,297,136.37175065763742
1098,297,297,295,18.72454421317327
1099,297,294,347,8.010064074844868
1100,297,297,295,58.8521969864978
1101,297,297,244,58.80446361611078
1102,298,299,299,62.56499263691175
1103,298,298,299,67.9340938297639
1104,298,259,260,30.042150919812464
1105,299,299,298,123.78885996146624
1106,299,298,298,56.57573140437472
1107,299,299,298,56.29999154538573
1108,299,299,298,36.43529368851593
1109,300,300,300,65.99160994477536
1110,300,300,302,39.751746128860574
1111,300,300,300,81.59134535869188
1112,301,301,304,45.62445179146107
1113,301,301,946,70.50873010321934
1114,301,301,304,46.31459559262361
1115,301,301,304,46.89354256960614
1116,301,301,308,41.17857626440488
1117,302,302,584,54.64798682345768
1118,302,302,314,155.49416651787348
1119,302,308,308,104.48886540235856
1120,302,302,304,76.8246072525266
1121,303,303,119,42.53686621851006
1122,303,303,314,76.68616691407935
1123,303,303,300,31.323961323328458
1124,303,303,304,62.88751898238678
1125,304,304,307,35.24370629711473
1126,304,304,317,62.132844528829466
1127,304,304,303,36.34811931526825
1128,304,302,302,34.89887309517291
1129,305,305,305,63.44161901156648
1130,305,305,300,33.30546411151794
1131,305,305,82,50.00482881973556
1132,306,306,671,70.81477448440629
1133,306,306,305,47.45688203430935
1134,306,306,302,72.5268639731343
1135,306,306,307,114.29867442096136
1136,307,307,302,99.14791037570069
1137,307,307,304,32.353268765364206
1138,307,307,308,39.9635789613345
1139,307,303,308,45.04063978870465
1140,307,307,302,34.05833453593075
1141,308,308,308,46.89682954317549
1142,308,308,939,47.90416868672193
1143,308,308,316,50.32797106758138
1144,309,946,946,46.06869172420476
1145,309,410,410,57.611733523794754
1146,309,309,308,112.46599147509161
1147,309,301,301,50.84791250281983
1148,310,616,488,153.16810223508034
1149,310,310,125,46.28096263791882
1150,310,310,73,29.03431839833571
1151,310,310,300,60.67224070287765
1152,310,310,77,50.05502109023686
1153,310,310,314,50.68918998162333
1154,311,312,300,50.60539285379578
1155,311,311,312,126.5459224409496
1156,311,311,312,41.399367860632495
1157,312,312,311,46.551154335703664
1158,312,312,314,51.33744785902794
1159,312,312,311,73.712414821792
1160,313,313,313,145.85768493442106
1161,313,313,995,118.85466333062888
1162,313,313,954,51.44702430156797
1163,313,96,96,29.304190544255484
1164,314,78,861,37.438701951456345
1165,314,199,199,76.46970613307587
1166,314,310,310,61.218936713453346
1167,314,314,310,136.23085399908416
1168,315,489,489,55.54382307800113
1169,315,311,311,76.74995675561998
1170,315,313,313,36.175728339636436
1171,315,315,312,37.22757782875126
1172,316,316,317,61.808365100396635
1173,316,316,318,28.736060241111282
1174,316,316,317,34.41900466765765
1175,316,124,26,46.68579669876262
1176,316,316,936,57.6403026046338
1177,317,317,316,82.73765136367736
1178,317,317,318,33.052322646941576
1179,317,317,316,31.701636452762745
1180,318,318,317,61.505565707334114
1181,318,318,317,34.92819373862438
1182,318,318,317,31.658917081255645
1183,318,318,318,43.26531410540743
1184,319,319,77,58.32240378098676
1185,319,319,318,79.6915519124699
1186,319,319,308,38.676843727397724
1187,319,319,320,61.54539173946721
1188,319,319,320,56.438748508426706
1189,320,319,319,37.43050373987372
1190,320,320,319,54.46383878546507
1191,320,319,319,41.89516760038745
1192,320,320,319,39.686286237903104
1193,321,994,997,64.80953395610088
1194,321,321,321,66.41642467633248
1195,321,321,326,47.63280589954941
1196,322,322,304,32.696455269917344
1197,322,322,326,38.11398842495452
1198,322,322,326,32.81076656789906
1199,322,322,322,38.48546805104289
1200,323,323,321,52.93040256768025
1201,323,323,323,43.600761337137726
1202,323,323,323,54.97800276410866
1203,323,323,323,57.36027493002815
1204,324,324,318,48.868103341726815
1205,324,324,325,45.61255489332273
1206,324,324,325,50.88913407035656
1207,325,325,325,66.61174939992698
1208,325,325,324,47.05061977389768
1209,325,325,325,52.679383771030885
1210,325,325,325,86.56286302709482
1211,326,326,322,99.87723219246767
1212,326,326,318,61.55557811681206
1213,326,326,322,53.02233263280109
1214,326,326,308,51.97391333449558
1215,326,326,321,33.40855756806802
1216,327,327,327,65.7457497994794
1217,327,327,991,50.11821466492879
1218,328,328,328,48.54978070851983
1219,328,328,396,50.03843706195139
1220,328,328,946,127.47021473262755
1221,329,329,997,61.93496736332677
1222,329,329,275,61.961413579373236
1223,329,329,329,74.9132054184795
1224,329,329,110,29.550575184347828
1225,330,330,331,13.046878543819876
1226,330,330,331,27.958090617879378
1227,330,330,331,66.05329098830975
1228,330,330,331,21.282608780920885
1229,330,335,335,36.18457640906663
1230,330,330,331,86.62911755905935
1231,331,331,330,42.999258008626875
1232,331,331,330,73.77090725052295
1233,331,331,330,23.592620464045087
1234,331,331,330,47.5264294951936
1235,331,331,330,39.57776138664607
1236,332,332,283,51.20692944618778
1237,332,332,29,39.06168303866817
1238,332,332,539,35.604549181756475
1239,332,332,258,46.16213509765049
1240,333,333,356,90.3985241745268
1241,333,333,987,38.352556434478714
1242,333,333,929,97.85397463184212
1243,333,333,937,36.10682347141224
1244,334,334,337,94.16716123635014
1245,334,102,102,43.312965735783955
1246,334,334,337,34.00221459495199
1247,335,335,73,38.19000645586257
1248,335,335,335,39.585924991701205
1249,335,335,760,41.98936396113687
1250,335,335,280,33.71734091445457
1251,335,336,336,62.902769283743275
1252,335,335,280,34.935624186358325
1253,335,335,342,15.696880625251257
1254,336,364,135,47.69305570194859
1255,336,336,343,52.856228245851725
1256,336,336,106,39.59822186365163
1257,337,337,357,32.02347792283722
1258,337,337,336,53.69273283559746
1259,337,336,336,29.47326042070605
1260,338,338,332,69.44642279118615
1261,338,338,332,62.941824001493146
1262,338,338,337,33.77658299890573
1263,339,339,350,66.53158715386394
1264,339,339,355,38.461308711374784
1265,339,339,351,39.490588250203466
1266,339,339,792,83.26522948726517
1267,340,340,83,57.28350107354575
1268,340,340,340,34.18951618056176
1269,340,340,340,49.583012480603436
1270,341,341,104,40.90023681399305
1271,341,341,106,50.83367053710016
1272,341,341,344,76.57817095299579
1273,342,342,341,37.96283235790639
1274,342,343,343,46.37479203192776
1275,342,342,372,45.50020698408486
1276,343,343,177,37.394528324831136
1277,343,343,341,82.23717173070415
1278,344,975,449,30.204632582330117
1279,344,344,606,35.85495482809148
1280,344,344,343,68.37972342426117
1281,345,345,975,35.668087714050195
1282,345,345,346,44.024257595567484
1283,345,346,385,37.292600840828676
1284,346,346,730,59.150480676092656
1285,346,346,690,46.20343410673481
1286,347,347,345,44.960677938494364
1287,347,347,345,37.562366914899115
1288,347,347,345,38.49456826566448
1289,347,347,386,61.03959685695361
1290,348,348,347,61.61503680433132
1291,348,348,346,51.340821215920315
1292,349,349,348,32.535406266368916
1293,349,348,348,59.76889543034609
1294,349,348,348,47.4142093742583
1295,350,350,350,53.0437480385667
1296,350,350,351,53.099002032564854
1297,350,350,349,30.58672898745541
1298,351,351,343,57.2445265097097
1299,351,351,225,49.79666769662338
1300,351,351,352,46.10773040403806
1301,352,352,353,51.38722747864856
1302,352,352,353,35.74377852253675
1303,352,352,353,60.62409934662542
1304,352,353,353,67.81280790795013
1305,353,353,351,62.34563675054452
1306,353,352,352,67.29451889945624
1307,353,352,351,46.97947069832564
1308,353,353,352,47.16590908322359
1309,354,354,355,61.722340602647236
1310,354,354,978,65.09079500834903
1311,354,354,355,64.57877070057769
1312,355,355,354,49.20552807259625
1313,355,348,284,44.881320802503424
1314,355,355,354,69.0726903438666
1315,356,356,298,38.98125142994894
1316,356,360,360,43.6352376019048
1317,356,356,299,40.21986304966554
1318,356,358,358,57.925133262152556
1319,356,358,358,69.94725618219583
1320,356,356,359,57.18795432760463
1321,357,357,356,59.83461834169967
1322,357,357,360,30.11147757533047
1323,357,357,337,83.556577366583
1324,357,363,363,37.214659063407034
1325,358,358,356,12.47076776935364
1326,358,358,333,38.302713668103
1327,358,358,359,45.57262160957442
1328,358,358,357,181.901452971676
1329,358,358,359,59.705252424775686
1330,359,359,356,67.5679176159753
1331,359,359,330,55.35474071465942
1332,359,359,333,37.2745589403215
1333,359,359,358,50.38808175508488
1334,359,359,341,54.77035414777509
1335,360,360,150,30.990875310489276
1336,360,360,150,43.219782899792406
1337,360,360,337,61.89828635598786
1338,360,360,337,31.79482157392571
1339,360,103,103,39.789146940580345
1340,360,360,357,31.953216644443245
1341,360,360,359,20.623159806670905
1342,360,360,206,90.97064017153473
1343,360,360,337,33.70216994915793
1344,360,360,137,23.980752793122882
1345,361,361,361,30.95265248581729
1346,361,361,358,82.1468628502901
1347,361,361,361,49.549505080686956
1348,361,361,223,67.41576552163079
1349,362,362,362,34.71173059077838
1350,362,362,362,67.86060513474277
1351,362,362,299,34.76004329099051
1352,362,362,106,14.149944705786881
1353,362,362,36,31.19655899055851
1354,362,362,362,38.60225344242854
1355,362,362,358,71.3685154683528
1356,362,362,298,19.50971481392708
1357,362,362,362,45.2828334095556
1358,363,363,342,30.98591569748505
1359,363,106,106,39.43010644698627
1360,363,363,337,44.712710386401206
1361,364,364,287,45.33356554924235
1362,364,364,366,39.38940117277545
1363,365,365,365,50.37887050792366
1364,365,365,601,46.60734613968131
1365,365,365,368,28.642086216624385
1366,366,366,347,43.585557224752
1367,366,366,379,41.586334853651614
1368,366,265,265,74.37409549732826
1369,366,366,366,38.80685399582939
1370,367,367,369,91.7959770271932
1371,367,367,373,84.62656464805364
1372,367,367,369,75.18880149527665
1373,367,367,234,63.295990251974864
1374,367,367,367,40.56685286837668
1375,368,368,369,46.322537511947516
1376,368,368,380,17.27152901993346
1377,368,368,380,13.356696725520196
1378,368,368,371,94.94652032468922
1379,368,368,378,37.00125466418791
1380,369,369,366,51.38516829452582
1381,369,369,381,14.040574216232901
1382,369,368,368,15.297627256066527
1383,369,369,370,9.851872771673337
1384,369,379,111,19.135812019214374
1385,369,368,380,19.201751388168454
1386,369,380,380,52.55670484063264
1387,369,369,367,71.91693257100735
1388,369,369,368,12.584711371036597
1389,370,370,371,42.75145525880415
1390,370,370,379,48.88561162864298
1391,370,370,380,53.36484372825236
1392,371,373,114,50.23795176353332
1393,371,371,373,27.453036437742647
1394,371,372,372,25.414430258286924
1395,371,372,372,9.59101308354144
1396,371,371,370,34.915920855822996
1397,371,371,370,94.63608630555406
1398,371,381,381,45.00657495008975
1399,371,371,370,22.57763577346306
1400,371,371,380,21.032717334783417
1401,371,371,376,51.44313761409838
1402,371,370,370,45.12510452268488
1403,372,372,373,54.11712135776156
1404,372,372,371,103.64737311456383
1405,372,372,380,85.36186188943823
1406,372,372,373,59.77694421681067
1407,372,372,373,64.39236665235464
1408,373,373,372,86.49165857420725
1409,373,373,381,42.70692562440161
1410,374,374,378,50.890983643334266
1411,374,374,372,30.7194151588216
1412,374,373,373,56.30925342070043
1413,375,375,375,108.62160069188585
1414,375,375,368,65.12404980046436
1415,375,375,375,41.74097598689578
1416,375,370,370,38.08312528095581
1417,375,375,370,25.57977818711617
1418,376,376,371,56.751470951198556
1419,376,376,372,31.913694254973077
1420,376,376,373,50.359141485614714
1421,377,377,380,38.59646036625864
1422,377,377,380,65.39964267435553
1423,377,265,265,39.700327860836026
1424,377,377,380,57.4784995879546
1425,377,380,378,148.66613134847907
1426,378,378,381,50.75229208914195
1427,378,376,376,36.558647115747064
1428,378,378,379,52.02199787458387
1429,378,378,380,54.599454630065914
1430,379,379,369,63.663926693499675
1431,379,379,381,58.000258459670476
1432,379,367,372,79.893923555394
1433,379,379,380,40.54729548829748
1434,380,342,181,36.22876805276333
1435,380,380,381,33.28570111322408
1436,380,377,377,42.88462592897642
1437,380,380,377,36.08061870905308
1438,381,379,379,43.509574494676215
1439,381,381,379,35.01263493353163
1440,381,379,384,38.20032456294376
1441,381,374,374,23.689336629360774
1442,381,381,374,54.661459797748144
1443,381,381,369,43.535662881088925
1444,381,384,384,37.275297404653195
1445,381,381,379,27.402049758378
1446,382,382,380,45.930458183977535
1447,382,378,378,44.14337920903541
1448,382,382,381,29.465504330285057
1449,383,853,853,39.69263457032895
1450,383,383,384,43.88852855361151
1451,383,383,340,40.20136763052157
1452,383,807,807,29.453237021249652
1453,383,383,299,65.55252320073572
1454,383,383,287,57.13760626556658
1455,384,384,364,62.817066871330084
1456,384,384,364,64.3944446424383
1457,385,347,347,9.031059062294611
1458,385,385,787,67.14052269690488
1459,385,385,386,16.912176348853958
1460,385,562,562,51.215207548450024
1461,385,101,101,18.14424251442193
1462,385,385,386,42.9636626379802
1463,385,385,386,283.2825943467988
1464,385,385,598,12.559297729333144
1465,385,385,386,10.511575302562656
1466,386,101,101,41.53073520684177
1467,386,386,385,114.78324604912123
1468,386,386,101,45.58343365935074
1469,386,101,101,29.299240218720108
1470,386,386,101,32.25632752537859
1471,387,387,387,59.39308060317234
1472,387,387,387,65.15393001114846
1473,387,387,294,32.74079251018698
1474,387,387,358,57.425605367475164
1475,388,388,388,41.86140095488875
1476,388,388,360,56.963243528468155
1477,388,295,170,43.11346724685518
1478,389,4,3,88.21869609422754
1479,389,389,389,58.65996748046211
1480,389,389,0,71.47518622474128
1481,389,389,389,51.78886025209471
1482,389,389,391,76.86679551850168
1483,389,389,395,58.22259304983197
1484,390,390,397,67.01283537917172
1485,390,390,63,77.22802506480214
1486,390,390,395,39.9408915203623
1487,390,390,150,33.507521557898386
1488,391,395,814,47.70899663814161
1489,391,391,389,40.04103606859898
1490,391,391,389,44.145786373392184
1491,391,391,389,58.657034722274446
1492,392,392,973,36.015825449171054
1493,392,392,393,81.58826586201482
1494,392,392,392,100.42008130661482
1495,392,392,392,119.01761271968171
1496,393,393,108,47.511080043899454
1497,393,393,108,52.01632976275496
1498,394,394,814,73.2747389237378
1499,394,394,395,51.85410890395964
1500,394,394,395,60.52492201482935
1501,395,395,394,42.87389905423032
1502,395,65,65,28.136412242497872
1503,395,395,391,45.27012222369734
1504,395,395,394,30.351424760391545
1505,396,396,328,43.58177390565773
1506,396,396,124,51.7298049565262
1507,397,397,396,53.408993473484486
1508,397,397,115,43.72582431934883
1509,397,397,251,59.459230812800044
1510,398,398,891,63.650951714991486
1511,398,398,398,42.22528289682278
1512,398,398,784,71.50402482609464
1513,398,398,398,85.86081547325014
1514,398,398,886,81.86920538874816
1515,399,399,893,87.10934125132192
1516,399,400,400,49.611278274523535
1517,399,399,568,32.75938444538183
1518,399,903,433,54.906293696998915
1519,399,399,678,68.88105853001974
1520,399,399,776,70.30405798474418
1521,399,399,501,36.656282502246825
1522,399,797,796,54.09579246323703
1523,399,399,796,85.56975661260147
1524,400,667,667,77.89861958540583
1525,400,667,667,67.77756948308361
1526,400,667,667,47.44233311627867
1527,401,401,401,53.00679221013506
1528,401,401,513,54.21316132757353
1529,401,401,401,60.15254388073465
1530,402,402,402,57.916049869910104
1531,402,819,819,65.26381517008241
1532,402,402,546,96.74208920521559
1533,402,402,546,69.99556821452984
1534,403,403,536,30.800864149199764
1535,403,628,628,80.15499420842468
1536,403,403,718,35.69656571736953
1537,403,403,554,44.637846046494104
1538,403,403,657,46.53119856591669
1539,404,404,908,43.9187342548055
1540,404,404,908,34.173648347267175
1541,404,404,908,65.48715873611559
1542,404,404,908,50.734354339817166
1543,404,404,908,42.58990515950587
1544,405,405,417,52.977457298353116
1545,405,405,417,30.133748623493698
1546,405,405,908,34.75048770307401
1547,405,405,404,30.51340530256345
1548,405,405,628,46.14194656774598
1549,405,405,908,53.4079704174332
1550,406,497,497,35.587702201036656
1551,406,406,497,66.33096710153406
1552,406,406,497,63.240107863574764
1553,407,407,734,78.35282409461783
1554,407,407,734,53.249381972689726
1555,407,407,734,74.0160617483925
1556,408,408,575,77.08281070378872
1557,408,408,575,30.561981570727596
1558,408,408,847,46.72738152896417
1559,408,847,682,89.69813412489272
1560,408,847,847,63.70373806751186
1561,408,408,847,35.77897936170533
1562,409,409,688,62.876573909485806
1563,409,892,892,84.4944666867763
1564,409,409,409,151.14993538094183
1565,409,409,409,103.52512443360826
1566,409,409,892,63.366782418392994
1567,409,409,892,141.58549093909483
1568,409,409,892,64.86520652059389
1569,409,892,892,76.3989673475754
1570,410,410,358,63.19589163609271
1571,410,410,412,43.97964290823723
1572,410,410,569,50.03569311823052
1573,411,411,636,68.07420040944767
1574,411,411,619,66.7482267127419
1575,411,655,655,39.85847539757832
1576,412,412,703,32.06838446042602
1577,412,704,704,61.710047413796275
1578,412,412,637,59.044482069754125
1579,412,412,588,93.78188986866985
1580,413,652,652,53.73846887485439
1581,413,764,764,46.13723390960614
1582,413,413,764,47.42124016551603
1583,413,652,652,37.35841750970107
1584,414,636,876,36.67712054480184
1585,414,465,465,51.14035770138176
1586,414,465,570,49.1701408111955
1587,415,415,467,67.35915589838177
1588,415,415,868,57.4573067443048
1589,415,424,605,56.196293189576814
1590,416,416,602,52.48201577746953
1591,416,416,722,37.821950655766116
1592,416,416,702,58.333730409368435
1593,416,416,702,129.82376979531588
1594,416,702,462,42.712570247802745
1595,417,417,405,66.94611519676944
1596,417,417,417,29.115519701147743
1597,417,417,794,28.40493302647164
1598,417,417,417,54.99425559412205
1599,418,418,677,59.042474315491845
1600,418,418,744,37.91840979009758
1601,418,629,631,37.49690249071616
1602,418,709,707,61.34072838536907
1603,419,419,711,65.37242860331179
1604,419,549,549,67.01209683466105
1605,419,419,876,55.274611884074794
1606,419,419,674,52.995965264381184
1607,419,419,584,50.71650999507252
1608,419,419,764,68.57505672560583
1609,419,719,719,77.41849125450233
1610,420,420,819,66.46420140724614
1611,420,420,546,40.035051509849495
1612,420,420,624,40.86054071613968
1613,420,831,564,71.30667370427558
1614,420,420,402,55.45644031081542
1615,421,506,506,40.64421680966806
1616,421,532,532,39.257904859307445
1617,421,421,556,236.8324505025269
1618,422,422,602,63.792210094570315
1619,422,543,543,84.20341024527117
1620,422,422,747,49.32027907239262
1621,422,422,543,61.22184396159861
1622,422,422,560,39.3067510736012
1623,422,543,543,39.15753099776258
1624,423,423,424,74.73440567711097
1625,423,423,424,53.64949347966091
1626,423,423,840,44.160259309870284
1627,423,424,675,46.511824519986185
1628,424,424,439,72.92841230420476
1629,424,424,762,68.14053840550676
1630,424,424,585,57.637520029323525
1631,425,449,449,131.8008107744309
1632,425,425,912,52.61335148350139
1633,425,425,912,57.761606076987405
1634,425,425,449,50.9865095419259
1635,426,426,426,104.87796787769109
1636,426,892,787,45.72531599831369
1637,426,426,426,29.95936591717112
1638,426,426,778,59.461033506414374
1639,427,427,427,43.857256746127035
1640,427,427,699,30.870019151621776
1641,427,427,427,44.79548316055283
1642,427,427,427,68.51096467249553
1643,427,756,756,43.67089915189447
1644,427,427,756,36.50122769039293
1645,428,428,600,60.39301545647461
1646,428,151,151,37.4495248442705
1647,428,428,765,42.29478055791467
1648,429,429,429,78.44483915460324
1649,429,588,588,71.8197728475469
1650,429,981,981,80.10795944495634
1651,430,430,422,46.3551089357185
1652,430,430,416,54.60906930644916
1653,430,430,430,70.09057688359303
1654,430,444,444,61.73635654259886
1655,431,431,516,229.64864826242135
1656,431,431,797,43.83191871541147
1657,431,529,529,36.914550002295094
1658,431,431,700,60.26075763763972
1659,431,431,750,27.86958828913139
1660,432,432,764,105.47601212145558
1661,432,432,683,55.16606177216232
1662,432,432,875,79.4621517508577
1663,433,639,639,50.988098260815136
1664,433,433,445,59.57809757112631
1665,433,416,416,72.057756253146
1666,434,208,207,40.93420666299531
1667,434,434,824,89.6221121673643
1668,434,434,678,62.074574092417215
1669,434,434,520,74.7075392405729
1670,435,876,859,60.56423226412991
1671,435,876,876,41.17385265740978
1672,435,876,876,37.95822195578164
1673,436,436,468,58.21268659298119
1674,436,656,656,46.9116669279989
1675,436,436,408,45.561307688581174
1676,437,506,506,40.75596890765217
1677,437,460,460,35.69782082420923
1678,437,871,871,38.93572988908295
1679,437,437,437,64.87037027223695
1680,438,438,711,48.48228849404059
1681,438,438,438,58.9796231597987
1682,438,438,804,47.931213841323256
1683,438,438,647,72.24705278815165
1684,439,515,667,60.07800260136918
1685,439,439,439,61.43365775463131
1686,439,439,439,89.20345188027119
1687,439,439,439,59.03726168247689
1688,440,440,737,50.77489156954823
1689,440,737,804,45.36859998499477
1690,440,440,626,75.50335299795806
1691,440,440,440,41.78670667221938
1692,441,440,440,40.97233036101621
1693,441,441,967,65.43474802714621
1694,441,441,967,118.56787832151102
1695,441,441,728,41.157300280193034
1696,441,440,440,83.07002301858593
1697,442,442,873,46.423953182408205
1698,442,494,494,153.9897064752516
1699,443,443,545,51.57873079887971
1700,443,843,615,45.70984496107168
1701,443,443,443,77.37252314930697
1702,443,443,470,85.09821582091483
1703,444,444,671,47.45264782407356
1704,444,444,444,121.30765395532613
1705,444,880,880,76.28756121971631
1706,445,445,433,51.62106458222406
1707,445,445,842,42.24454146994089
1708,445,842,842,56.192471032320505
1709,445,445,639,66.23610815083727
1710,446,446,893,140.75087888214748
1711,446,446,530,166.98317020629452
1712,446,446,473,100.1952318712017
1713,446,446,434,78.06456673989706
1714,446,446,710,92.36415283137435
1715,446,478,412,40.664030761309434
1716,446,632,632,89.89132225795456
1717,446,446,893,135.83493732010479
1718,447,447,630,38.32354899809015
1719,447,447,597,59.07891005543552
1720,447,491,491,45.537561680702176
1721,447,447,833,35.94696129582757
1722,447,836,837,50.12813147007916
1723,448,448,738,58.81686625770364
1724,448,448,637,67.43609647245785
1725,449,449,449,55.29756366980073
1726,449,449,975,51.232380298530536
1727,449,448,448,81.31987605945703
1728,449,449,718,63.92743635990098
1729,450,792,792,68.67661241910052
1730,450,450,758,39.05684486262657
1731,450,450,895,88.35123156248494
1732,450,966,966,42.500914130208145
1733,450,450,795,68.92122516743763
1734,450,450,652,47.525513212649244
1735,450,450,866,42.647836149294
1736,451,451,528,71.83492752366236
1737,451,451,451,55.94513990560802
1738,451,451,662,52.85931819026792
1739,451,584,584,51.65055194538633
1740,451,451,451,66.71133035933624
1741,451,451,714,94.80199874392638
1742,452,452,748,59.726282871532845
1743,452,911,943,42.3304863531558
1744,452,452,876,65.72380733070997
1745,453,548,598,32.589935037426606
1746,453,624,454,45.65858684794844
1747,453,548,548,46.36259346238366
1748,453,453,493,218.10184647665594
1749,453,453,648,60.620038114592035
1750,454,454,860,46.61649451086264
1751,454,919,919,60.15261947787633
1752,454,762,762,49.933263373816395
1753,454,454,624,46.187066698732345
1754,455,737,737,62.46550679603486
1755,455,455,455,69.75857743809412
1756,455,455,429,37.64542344591683
1757,455,455,455,44.19307884545654
1758,456,456,645,50.80089653184643
1759,456,558,558,72.46225416971751
1760,456,456,784,77.93939614686025
1761,457,457,501,61.16379158250898
1762,457,457,784,61.538005559365
1763,457,748,464,114.20938444635034
1764,457,457,906,51.96986416014645
1765,457,457,906,107.49009883653126
1766,458,458,539,40.13476273094985
1767,458,458,787,40.32748958614484
1768,458,458,921,60.389891254493435
1769,458,458,792,32.138342798204675
1770,459,457,457,74.5369598700805
1771,459,433,433,32.22092804721644
1772,459,445,445,61.45143138737641
1773,459,435,435,31.729563771394265
1774,459,459,604,26.081399782222846
1775,459,459,502,76.43823106828597
1776,460,460,978,31.560031776540658
1777,460,460,562,31.21138535387669
1778,460,460,975,47.0416106816979
1779,460,460,437,30.978231845653138
1780,461,461,469,47.659909166852316
1781,461,899,899,36.70140464957778
1782,461,524,524,42.02788306030864
1783,461,615,615,64.34422483396506
1784,462,462,696,72.39349119509053
1785,462,696,696,65.66581233445861
1786,462,462,731,47.51206582709727
1787,462,462,645,55.93136730283468
1788,463,463,469,54.77320253676876
1789,463,463,503,73.14407609383902
1790,463,463,588,59.32828408907978
1791,463,463,588,107.62910122456714
1792,463,463,738,68.79680808181855
1793,464,464,464,64.65651469052186
1794,464,584,584,107.73267391523656
1795,464,459,459,56.225106337800916
1796,464,464,630,132.53881190271585
1797,465,465,726,52.12002647980803
1798,465,433,433,58.154399345365725
1799,465,465,652,61.77293448015676
1800,465,518,199,44.2077203419296
1801,466,466,466,55.725772494946504
1802,466,466,812,60.28404673532696
1803,466,466,547,59.74719387128883
1804,467,467,168,93.27016104566908
1805,467,467,509,51.92231479235286
1806,467,467,766,50.777943702615666
1807,467,467,577,50.927091060364006
1808,468,581,581,44.52740365427334
1809,468,468,627,48.98922697346369
1810,468,468,468,60.009164116765525
1811,469,926,909,42.112671414508
1812,469,926,926,52.3121696646249
1813,469,469,862,50.523546706442346
1814,470,470,415,48.78964932919248
1815,470,470,470,76.33904554682347
1816,470,562,442,62.920257624216966
1817,470,762,762,64.68692273293522
1818,471,471,730,62.71167123086308
1819,471,471,471,73.14020405848433
1820,471,471,603,38.35886550761302
1821,472,472,472,45.60595041243066
1822,472,472,472,72.89883174115899
1823,472,472,693,44.52390542503146
1824,473,473,568,106.68145720297996
1825,473,473,589,54.96267345939324
1826,473,473,902,77.35501020902511
1827,473,473,795,67.23277373759248
1828,473,550,550,85.55652583199907
1829,473,473,784,33.76813866865532
1830,473,473,744,72.09027019935486
1831,473,473,626,46.17043783195264
1832,473,473,499,71.09083249168569
1833,473,558,558,60.70564358259926
1834,473,473,512,50.13523069340881
1835,474,474,911,50.01619547273798
1836,474,474,911,44.13317526232139
1837,474,474,911,98.86493671713329
1838,474,735,735,63.04328073438854
1839,475,475,837,74.55895929582134
1840,475,475,703,55.41921070925213
1841,475,475,15,45.84358000153005
1842,475,475,836,56.750963417812024
1843,476,476,476,53.45861257147054
1844,476,476,340,71.47774363431127
1845,476,476,582,44.23920890469747
1846,477,771,771,227.57598305205687
1847,477,432,555,40.633076455159284
1848,477,477,759,78.06953195440995
1849,477,792,494,53.60706276352745
1850,477,748,695,51.29565733116729
1851,478,787,787,84.40958099305652
1852,478,684,684,63.35454673911416
1853,478,478,767,89.05652739528999
1854,479,479,569,44.2398975462051
1855,479,717,717,52.374109025093034
1856,479,436,436,49.44436508344953
1857,479,817,817,56.644573821811925
1858,480,509,509,54.65991629694079
1859,480,528,528,80.88501402125944
1860,480,480,485,59.69373011636583
1861,480,480,509,51.86904102519728
1862,481,848,848,42.515388663515765
1863,481,453,453,64.0952617047579
1864,481,481,848,39.61306457036243
1865,482,848,485,48.850501772398644
1866,482,482,485,513.2438002605365
1867,482,848,848,31.768079463066858
1868,482,482,848,62.39687674155405
1869,482,482,754,54.31468340289817
1870,482,848,848,35.915454586199715
1871,483,483,698,78.28886689432163
1872,483,437,437,91.35712686041053
1873,483,483,663,95.38312152340986
1874,483,483,442,74.25570977158857
1875,483,483,663,40.38994660851092
1876,483,483,698,45.39672269959071
1877,484,484,780,93.76103414254192
1878,484,484,871,144.56177180568102
1879,484,814,814,73.70310845494737
1880,484,484,871,52.866387230240285
1881,485,485,485,108.23927274868807
1882,485,485,754,47.06071645091617
1883,485,745,583,45.13269754805705
1884,485,485,754,57.000957683793175
1885,486,486,889,44.66992889939795
1886,486,486,889,73.43166442462665
1887,486,486,745,40.081445680493374
1888,486,486,486,77.78203214073454
1889,487,487,810,50.669010396451434
1890,487,610,868,58.7691242192749
1891,487,487,811,34.85780622811913
1892,487,487,626,68.39599759357294
1893,487,487,590,75.21310095762307
1894,487,632,662,119.46495114147247
1895,487,487,508,51.042610405137935
1896,487,487,605,61.34805314261715
1897,488,488,778,55.50067469272713
1898,488,616,616,62.00108264791703
1899,488,488,604,62.52088349196367
1900,488,616,616,42.288734449862126
1901,489,489,489,56.03747875524115
1902,489,489,489,36.20883419592692
1903,489,489,971,35.22193499142002
1904,489,489,489,55.19332363022489
1905,490,772,772,134.22900846478652
1906,490,490,490,98.97695705663966
1907,490,490,488,31.8509489585534
1908,490,490,903,81.25291504864158
1909,490,490,735,33.2091246665664
1910,491,491,88,91.9773752717544
1911,491,491,634,75.81153080313887
1912,491,491,456,97.45844049403938
1913,491,491,491,46.5869979626179
1914,491,491,527,63.614659860370715
1915,491,491,595,58.68043337087005
1916,491,491,491,69.11212223748687
1917,492,492,786,80.42113777430657
1918,492,492,118,48.31281390661566
1919,492,492,987,52.707390501266566
1920,492,492,556,47.58104020938435
1921,493,894,799,34.009616231463156
1922,493,598,480,52.24486109529199
1923,493,493,453,99.61248675639725
1924,493,493,851,68.78146311337014
1925,494,494,787,73.50305908574138
1926,494,494,818,32.72980484204159
1927,494,562,562,34.179323856636
1928,494,494,577,46.051358066768664
1929,494,494,896,50.794622294087475
1930,495,495,415,31.225883997240878
1931,495,495,648,37.34439034969073
1932,495,532,762,48.67439793373454
1933,495,495,556,43.96336821808597
1934,496,496,514,38.696004386137425
1935,496,496,658,71.0649884447403
1936,496,496,658,45.98180352553756
1937,496,496,658,81.21015419300193
1938,497,406,406,53.6966673358173
1939,497,497,425,67.19096896761864
1940,497,442,442,63.833716298973634
1941,497,884,884,58.59954494076501
1942,498,919,791,64.47975360289959
1943,498,860,860,38.56306258988867
1944,498,498,424,70.75219746321213
1945,499,596,596,73.3397939868423
1946,499,961,961,50.458280390693204
1947,499,499,118,54.05134149431972
1948,499,499,596,76.73369793686405
1949,500,500,972,77.74857609388621
1950,500,500,483,51.88561815541535
1951,500,500,972,36.60862243301468
1952,501,501,399,92.79472932759691
1953,501,643,69,38.30821153586384
1954,501,681,681,47.46359336799645
1955,501,501,797,31.419971007764527
1956,502,502,774,122.84877602486085
1957,502,502,774,38.57289315567172
1958,502,502,462,317.0591310034069
1959,502,502,774,100.98926270219528
1960,502,630,630,36.30989803145494
1961,502,667,667,60.35713727044547
1962,502,597,597,52.17900256887474
1963,502,514,514,49.10029657975884
1964,503,503,572,141.25054255767625
1965,503,424,940,41.37155172481271
1966,504,504,469,36.70755733075224
1967,504,504,909,73.6852094012556
1968,504,75,75,38.361138556440324
1969,504,504,725,57.83997225544283
1970,504,673,673,52.81202341580564
1971,505,505,550,120.61785962900466
1972,505,505,899,53.719822490994915
1973,505,505,967,40.73854283797571
1974,505,849,859,50.30061061465196
1975,505,503,503,48.3032451387329
1976,506,506,694,41.273424996798255
1977,506,506,517,62.92958182564298
1978,506,506,545,54.73302575229437
1979,507,507,508,68.33192940695864
1980,507,754,754,34.71284384911534
1981,507,507,695,58.779660728353775
1982,507,695,695,43.51825482844605
1983,508,508,878,55.67014321491413
1984,508,508,810,65.41202139251152
1985,508,508,859,61.091170734956435
1986,508,508,810,48.575212409194386
1987,508,508,810,39.54080213830247
1988,509,552,552,49.51165403123253
1989,509,582,582,54.375481282550375
1990,509,582,760,71.91572603939942
1991,510,718,718,59.46340610033117
1992,510,510,517,57.904173343858076
1993,510,510,510,60.18744991827922
1994,510,510,510,42.08399267748457
1995,510,510,408,24.532407124213005
1996,510,510,510,34.23944003617045
1997,510,510,628,33.13345883243243
1998,510,510,403,27.727558341119018
1999,511,656,637,64.60793729257249
2000,511,511,817,56.34577285989902
2001,511,511,817,94.5190340671726
2002,511,511,436,108.0367626941278
2003,512,512,473,98.90243033427038
2004,512,512,512,67.282347436139
2005,512,512,473,160.3003488664764
2006,512,512,512,98.93577552382696
2007,512,512,473,39.39938227360176
2008,512,512,596,38.223717635702656
2009,512,512,600,64.08018841502204
2010,512,512,473,119.52380368303224
2011,512,512,902,71.07242549268979
2012,512,512,783,61.68152463155991
2013,512,673,605,39.96856483441116
2014,513,513,566,46.39850363407599
2015,513,513,875,61.43852803698145
2016,513,513,875,62.79824601895917
2017,513,652,652,56.24480998438241
2018,513,513,566,55.705774069725194
2019,514,496,496,92.86090266588812
2020,514,514,850,52.70915175099575
2021,514,608,608,75.52610945450107
2022,514,733,702,53.09487333389838
2023,515,515,808,107.80846400693831
2024,515,515,808,84.51978061119526
2025,516,516,793,39.954065173430955
2026,516,831,831,52.42559755203601
2027,516,516,431,61.12010423906268
2028,517,517,540,33.574135379939804
2029,517,517,913,97.40713250846322
2030,517,517,733,69.60288022679188
2031,517,517,755,56.66985778204047
2032,518,518,502,70.13412433022894
2033,518,518,673,192.39679175751317
2034,518,518,518,113.57066784336162
2035,518,518,518,107.994089152345
2036,518,518,691,386.4387306052366
2037,519,519,534,42.199726454208914
2038,519,519,478,46.01475275788042
2039,519,410,410,38.094851396794674
2040,519,519,440,94.56256952233659
2041,520,520,520,53.13813591843355
2042,520,520,516,46.84435519113822
2043,520,520,431,49.02003956186842
2044,521,521,544,40.68780247799675
2045,521,897,673,43.88994822804906
2046,521,521,909,39.70649594509133
2047,522,522,824,45.893838880972716
2048,522,574,574,54.079252831748775
2049,522,522,574,53.297157943882475
2050,522,522,956,69.07743472439786
2051,523,523,818,30.578727916851854
2052,523,523,888,52.128953262310525
2053,523,677,677,29.32872374599992
2054,523,523,667,66.22247165649851
2055,523,523,870,75.80136008566446
2056,524,459,570,57.391982964504464
2057,524,461,461,42.53832859016979
2058,524,570,491,52.95673117839504
2059,524,461,882,49.37314402249087
2060,524,469,505,38.216741870367585
2061,525,525,913,36.277261318619765
2062,525,525,718,74.06506070177325
2063,525,525,839,106.38809193438262
2064,525,525,975,87.69419941123945
2065,526,526,916,38.08458544266154
2066,526,526,527,72.451334138998
2067,526,532,223,39.26433612859392
2068,526,526,782,55.2249921090757
2069,526,620,620,52.41683545765264
2070,527,527,590,116.1226275201016
2071,527,526,526,54.224270175806915
2072,527,664,664,40.60760827516418
2073,527,754,848,71.8440644019744
2074,528,528,707,38.86214560266046
2075,528,528,605,57.24013854952803
2076,528,528,528,82.63196195460122
2077,529,529,431,30.637971383369226
2078,529,529,830,59.22949613063721
2079,529,843,843,35.34384874856552
2080,529,975,975,45.48961683988498
2081,530,530,531,49.96867489561279
2082,530,530,739,33.45225355770538
2083,530,530,571,94.5295054025864
2084,530,531,531,146.46545080474692
2085,530,530,530,33.69089253086086
2086,530,530,859,74.87296033792406
2087,531,826,826,71.35415787118365
2088,531,531,826,40.27174553030569
2089,531,531,759,80.31768756258953
2090,531,531,605,44.74331541701274
2091,532,532,537,30.89898181705731
2092,532,532,706,40.96438719694641
2093,532,532,516,32.923995429316676
2094,532,532,580,31.89817014992565
2095,533,658,658,61.481970658988466
2096,533,533,591,29.995065712511426
2097,533,533,674,34.39511706705217
2098,534,534,791,34.38625087721818
2099,534,651,827,43.23323199071284
2100,534,827,827,117.50549568202811
2101,534,534,651,41.60103068033067
2102,535,535,479,41.010835150654124
2103,535,535,471,121.03899457426061
2104,535,535,880,31.93034725493729
2105,535,535,671,40.17572674223102
2106,536,536,724,74.8653245621978
2107,536,536,484,47.27116171025126
2108,536,536,718,38.034281050460734
2109,536,510,510,43.5133375282818
2110,537,537,450,42.33783724258076
2111,537,537,248,50.42362158977581
2112,537,537,249,37.18489272426933
2113,538,538,538,61.9711305249164
2114,538,538,497,52.86034268679895
2115,539,530,530,57.34524355071287
2116,539,674,674,87.97118213278576
2117,539,533,533,36.82629892692579
2118,540,540,554,33.05550211894114
2119,540,536,536,52.835186830917195
2120,540,540,540,29.466171633431447
2121,540,718,718,66.62251366987518
2122,540,540,403,62.59807118684875
2123,541,541,542,62.76988144591502
2124,541,819,819,41.9985981052202
2125,541,541,791,89.01030779248194
2126,541,541,925,18.47246031974648
2127,542,542,710,52.105558173812135
2128,542,542,657,73.55888419732833
2129,542,542,642,58.258972920097186
2130,542,542,787,51.01550606348371
2131,543,543,422,79.08744669636009
2132,543,696,696,50.2658897785612
2133,543,543,422,70.45890461539261
2134,544,544,521,34.11426396187712
2135,544,544,544,62.13880893980404
2136,544,544,469,58.20908030677515
2137,544,926,926,45.0917799825718
2138,545,545,640,73.96991144078487
2139,545,545,811,47.731941066325106
2140,545,545,765,66.63302908157549
2141,545,545,700,54.747632443879176
2142,545,545,828,61.82831642015008
2143,546,546,593,51.40677516587214
2144,546,402,402,54.943230562260524
2145,546,546,577,61.27959614533107
2146,546,546,797,53.56632592502996
2147,547,547,565,74.7074917573259
2148,547,547,705,68.87755209840776
2149,547,705,705,41.01807553008576
2150,547,547,705,73.26612949594562
2151,548,548,480,65.7552525442188
2152,548,548,492,53.18094207449534
2153,548,548,754,75.05469778040234
2154,548,548,598,18.51492372027518
2155,548,548,651,46.06833442274459
2156,548,598,598,62.915652869142676
2157,548,548,548,12.567111533343795
2158,548,548,598,67.52785640387968
2159,548,548,851,13.935671757323936
2160,549,868,868,146.3238299543965
2161,549,549,999,42.27255954622911
2162,549,692,692,39.82971508216193
2163,550,550,550,11.474042766596977
2164,550,550,745,81.99651527191665
2165,550,550,710,26.10697536172367
2166,550,550,621,18.662169893233084
2167,550,550,899,98.80955243482174
2168,550,550,477,15.808184310249395
2169,550,967,659,55.67633362501306
2170,550,699,699,45.27173716633713
2171,550,550,758,59.01393545105077
2172,550,550,507,15.102083626654466
2173,550,505,505,89.76693685444184
2174,550,505,505,35.86460484626265
2175,550,859,859,40.85387714058368
2176,550,550,302,16.626628099075702
2177,551,551,629,90.38462708136832
2178,551,551,816,95.30535573445948
2179,551,551,767,39.87180373830977
2180,551,767,767,37.475730472461485
2181,551,551,720,71.03674444116614
2182,551,551,767,57.84086349347772
2183,551,551,816,111.08172375912734
2184,551,551,838,130.4985952952368
2185,551,551,583,112.56263053219976
2186,551,551,633,94.89833233880255
2187,551,551,585,44.564959743045065
2188,552,552,846,74.82231706610251
2189,552,552,568,86.19133064870638
2190,552,552,564,66.9429175443262
2191,553,553,848,46.932158790001374
2192,553,553,771,87.39968616450906
2193,553,553,553,38.020748005985915
2194,553,553,526,66.27512756136841
2195,554,554,701,67.5294012193016
2196,554,554,975,35.88949473243792
2197,554,554,562,59.39730914543447
2198,554,554,554,46.894024321751814
2199,555,555,555,71.02847856225857
2200,555,555,867,57.04579851913088
2201,555,555,595,49.57714885394115
2202,556,556,556,94.65869283685822
2203,556,556,884,32.70467003495757
2204,556,556,799,51.51392808584156
2205,556,905,905,38.86472306481795
2206,556,556,778,67.5561457343854
2207,557,557,557,130.22607787632808
2208,557,557,733,72.45774575318543
2209,557,498,498,75.86169382583915
2210,557,557,978,37.154017334854416
2211,557,733,733,37.88771391542013
2212,558,684,719,56.78758446770554
2213,558,558,753,53.00870655401163
2214,558,881,881,70.1994618547625
2215,558,558,558,47.107363893829614
2216,558,683,432,49.82243263525739
2217,559,559,765,37.458561124259944
2218,559,559,792,48.396036605735695
2219,559,559,694,47.412162430779034
2220,559,559,765,70.15257009395813
2221,560,560,981,56.54019819629788
2222,560,560,787,56.1296531680025
2223,560,560,981,53.825407969815174
2224,561,561,412,57.78084976623264
2225,561,561,569,65.08119266202345
2226,561,561,866,38.60870064941066
2227,562,562,974,36.42436593132691
2228,562,562,525,38.454180819930386
2229,562,416,419,45.44481558975181
2230,562,562,688,61.22996001143289
2231,563,563,418,133.59372147559077
2232,563,784,769,91.76469231884671
2233,564,564,765,146.27712910350965
2234,565,565,771,35.1418789416757
2235,565,565,565,40.459797644793134
2236,565,565,565,57.96901363583418
2237,566,566,566,38.909227564266565
2238,566,566,432,52.11983719999452
2239,566,566,795,58.84595098860651
2240,567,567,544,70.69594147105282
2241,567,644,644,52.72152423983845
2242,567,544,659,81.24087268142375
2243,567,567,905,108.19128336860953
2244,568,568,824,50.781639325455856
2245,568,568,568,83.8305054117758
2246,569,569,675,39.60678384863969
2247,569,569,675,51.083348722162945
2248,569,569,867,69.25137060807607
2249,569,569,847,42.108117509853514
2250,570,691,606,119.02291721971326
2251,570,601,601,47.31990303395795
2252,570,570,465,55.757416960956434
2253,570,882,882,38.674346935208014
2254,570,570,691,161.7813831627544
2255,571,571,886,57.0351363997848
2256,571,571,704,38.81061114933677
2257,571,571,707,58.14447008754628
2258,571,707,707,41.63992153218942
2259,572,960,960,85.69643746849297
2260,572,572,953,75.07721580187803
2261,572,572,968,76.1042574699158
2262,572,572,572,59.93550292006671
2263,572,572,441,40.877137151712496
2264,573,573,518,66.53318235425829
2265,573,573,573,71.95647613105443
2266,573,573,518,57.45947908144528
2267,574,619,619,36.37919074228062
2268,574,478,478,47.56312203770663
2269,574,574,574,43.81968870642757
2270,574,574,428,64.66413033074168
2271,575,866,866,68.26109345377418
2272,575,575,575,52.96204344083163
2273,575,575,654,60.8594081354982
2274,576,576,536,80.146403797693
2275,576,576,576,43.670988717955886
2276,576,576,576,57.65835949371257
2277,577,577,494,48.3801943419768
2278,577,577,494,28.100579847295673
2279,577,494,494,49.687969332212994
2280,577,633,633,30.15304470996811
2281,577,494,494,58.34037050760269
2282,577,577,778,86.36840376180503
2283,577,494,494,27.09828349686961
2284,578,578,982,54.044995341937685
2285,578,982,982,59.61661924429799
2286,578,578,728,45.37658664241439
2287,578,578,601,36.201436575389316
2288,579,579,412,54.607569339129526
2289,579,579,881,45.148872820442605
2290,579,859,859,64.37853543575447
2291,580,425,425,56.02898830709228
2292,580,580,738,63.42126696788968
2293,581,581,479,62.74568911713629
2294,581,581,511,88.81792822219079
2295,581,581,717,40.47973634242558
2296,581,581,468,60.36684633604481
2297,582,988,988,62.15982592819122
2298,582,938,938,45.68295999076376
2299,582,415,415,34.98602793138357
2300,583,583,604,56.9503648086727
2301,583,583,561,38.5079806217364
2302,583,583,604,41.89392651774609
2303,583,583,421,46.73347790136531
2304,584,584,971,52.374958720010504
2305,584,584,767,42.38220661423862
2306,584,584,496,42.795853768805884
2307,585,686,686,53.82182968313336
2308,585,585,845,44.998032953259425
2309,585,916,916,94.39707813953963
2310,585,585,898,49.718632229274284
2311,586,586,847,255.4932253132484
2312,586,466,466,50.07431396388768
2313,587,587,677,39.03900380448846
2314,587,587,677,51.42451923555125
2315,587,813,813,59.6477448990633
2316,588,588,519,110.69596140747186
2317,588,588,790,56.63282019845588
2318,588,588,477,106.59448724744662
2319,588,588,790,52.221874349196774
2320,589,764,573,64.61990090254966
2321,589,589,763,43.84616735291133
2322,589,589,589,120.55608959454489
2323,589,999,999,66.12163232249765
2324,590,921,918,48.10650033236822
2325,590,681,681,199.96157353185694
2326,590,508,508,50.38193605322231
2327,591,591,434,47.80267747618443
2328,591,611,611,29.16644367986445
2329,591,591,893,91.906193684922
2330,591,591,793,27.95324772527138
2331,592,592,844,62.238651053169654
2332,592,620,480,44.94121974131138
2333,592,662,662,47.972058493170074
2334,593,487,626,49.559585446649834
2335,593,593,523,51.14513850093728
2336,593,593,684,48.228694022735674
2337,593,593,516,45.66588360888466
2338,594,594,594,143.25787556442418
2339,595,595,561,39.36425081829838
2340,595,595,637,35.02053176897288
2341,595,856,856,66.36013142043731
2342,595,595,690,38.059868468473724
2343,595,595,856,47.61410970307172
2344,595,595,856,39.38266768538527
2345,596,596,792,60.73817443822093
2346,596,777,777,57.212610734909624
2347,596,596,792,79.91431807902065
2348,596,596,457,90.56744867065767
2349,597,597,763,35.72194068500671
2350,597,608,713,69.03998344243206
2351,597,597,902,45.73577319313704
2352,598,851,527,61.85051898766795
2353,598,598,627,56.895277118097844
2354,598,598,417,53.74591664063262
2355,598,632,632,62.722899821165115
2356,598,598,548,53.012200965264874
2357,598,598,632,53.93212375134098
2358,599,34,34,31.830774186786602
2359,599,599,599,46.647920678874144
2360,599,619,611,47.29238272982611
2361,599,599,599,64.52389239836045
2362,600,679,679,69.98274681020597
2363,600,488,488,36.292203466680725
2364,600,584,584,109.25411572258346
2365,601,601,578,57.921287501940284
2366,601,601,982,38.99371021794251
2367,601,606,606,61.84287958672865
2368,601,851,851,61.865030489448046
2369,602,602,702,65.94720709706093
2370,602,872,523,101.49138880263821
2371,602,602,416,32.42317967699346
2372,602,602,843,44.40829349217831
2373,603,612,612,59.51174412382112
2374,603,595,595,50.125359112522005
2375,603,603,690,43.72657446819909
2376,604,604,591,36.74768389678738
2377,604,604,583,113.3727068770533
2378,604,604,604,39.501531478632664
2379,604,604,883,45.43345166491012
2380,604,604,572,57.91737036889024
2381,604,604,604,127.13373462098608
2382,605,605,605,84.26925013247411
2383,605,605,761,102.88956075159861
