0,36.29760368858621
1,41.678618764734956
2,44.19130765998308
3,93.80183080080211
4,21.768405442147
5,63.658339340684634
6,46.28246784112634
7,69.44177792216603
8,54.17650325304708
9,57.48798835586575
10,33.3073561947405
11,8.087322320474764
12,61.19746620042373
13,16.24632451704804
14,46.604315444644826
15,32.534402181897505
16,57.566724500245726
17,28.288965196128075
18,12.844393772983528
19,28.129049392416288
20,30.05027147829541
21,171.4905350351149
22,21.34273948460323
23,28.645946582558487
24,22.135017726255484
25,54.433304757394865
26,57.550935580497644
27,46.1830231002964
28,41.823656447010606
29,45.80905750381396
30,45.02281469482402
31,35.14129062900232
32,36.60302053789624
33,56.40164872207026
34,133.15494895519672
35,23.52717064439129
36,34.326294626837466
37,45.58111771134276
38,35.285476633139915
39,35.73039842096177
40,59.6736595250071
41,43.944801965333426
42,38.61712979699846
43,76.07487694260945
44,29.012213055055703
45,25.96062831119138
46,15.68454202372153
47,65.15267705843908
48,15.630803906049437
49,31.28796411133027
50,51.06507704357607
51,21.00064703974353
52,52.17777560098278
53,23.05225572725698
54,5.785321520554987
55,35.12530433377103
56,41.50684745803756
57,21.960466702495776
58,25.01451371180099
59,29.865481681590023
60,46.05449025140281
61,43.3788829714356
62,33.323990703599584
63,28.60124949604407
64,74.52314683592374
65,39.06709144324127
66,32.98627762849732
67,14.244537527414227
68,27.059719047420977
69,52.457312390093215
70,36.15998158791175
71,11.750967648674852
72,31.084485330217646
73,18.735129325403186
74,19.839760228772892
75,49.050153396620786
76,69.47338612864374
77,6.377302009277181
78,52.16106219975542
79,35.0026260538042
80,29.86126896636993
81,30.418857894684805
82,76.46948237349685
83,24.728749882150574
84,35.437886623535576
85,10.376994259266262
86,42.9054574693562
87,35.872324226374836
88,57.700023002247725
89,23.873026631163455
90,44.23343039996593
91,64.80884109468325
92,34.17242661119615
93,36.50411225290959
94,19.303403043536438
95,60.661661006151824
96,31.16696946001456
97,23.564024056641774
98,72.54386091044026
99,26.589883553831918
100,40.011428256234495
101,86.8560792924774
102,39.43608900550616
103,10.96069378061899
104,48.28494904780854
105,25.926269016861706
106,34.08353089720621
107,47.508250899246185
108,45.23780824270329
109,37.486941017777305
110,54.1950504241791
111,24.200047352504853
112,1.4229093631627037
113,22.04939822274988
114,35.619767702726
115,49.24384613205742
116,47.117411538684856
117,11.010126128031757
118,52.27338913249894
119,44.473028417384235
120,23.337756586781115
121,159.80330861485987
122,21.293770994526728
123,20.100623179073942
124,44.13913575924364
125,33.404206174334504
126,28.248249688329096
127,46.8252413578321
128,34.404215766621164
129,56.85337056527842
130,11.316566492540243
131,8.121792921281138
132,48.3724845135621
133,136.65623993498915
134,31.76888443546728
135,49.58201314895893
136,30.499348624386414
137,44.83727577071551
138,27.865960483403875
139,61.28701556160622
140,50.121105127789924
141,11.3228513372351
142,26.582594926604067
143,34.27665005549454
144,41.80025693894418
145,52.573478653262995
146,39.09800032607557
147,32.282675286544674
148,50.69336570837733
149,31.646914468084763
150,24.264626266841105
151,49.231252842740915
152,31.72114455616824
153,27.742779676850482
154,39.236778605485775
155,46.11915332433785
156,41.91308354633401
157,94.1060824119669
158,55.27273432256855
159,21.628020639721587
160,30.069541312520325
161,23.44240478774236
162,55.53399887599631
163,25.114588533885424
164,40.193318817735864
165,34.50182490575092
166,9.155092672822809
167,36.71172790527023
168,38.716978947099264
169,51.29999040790098
170,35.769249027788376
171,29.640016676409758
172,32.527307428291785
173,25.634016065559983
174,42.398382575835974
175,16.507569156740654
176,51.05816803875278
177,58.00963858718825
178,68.64981599386849
179,54.40779092972887
180,23.11493199003194
181,43.724892418591246
182,30.14192876807999
183,51.18106869384578
184,97.93721593418346
185,5.984993269972551
186,80.79121303298491
187,31.64418271299328
188,21.69647113616634
189,16.516494033083557
190,30.11206113322337
191,49.69489908716058
192,58.356806226673605
193,37.897556480352016
194,58.49049120056683
195,51.05055996702916
196,32.986217018729846
197,8.129961329470364
198,25.83254800858525
199,24.660477761232407
200,5.320032390004378
201,51.55722544410258
202,25.247483354250754
203,44.73741608511409
204,29.622634834327062
205,21.7445831769113
206,67.70403451772292
207,49.18278077021338
208,52.742247525187345
209,68.49058168176987
210,50.85208468814461
211,34.619957707765266
212,37.272847223091
213,21.50543514636935
214,44.53157079373653
215,47.131653629151444
216,39.87565145068221
217,32.25190903647065
218,30.23826108442833
219,10.695706800726771
220,15.976532140095495
221,39.87429204325006
222,36.162685983866886
223,13.127220325248189
224,4.973342327224911
225,16.23320406220317
226,31.564517960346407
227,16.20843040676923
228,32.85295947388618
229,34.52299820766893
230,50.165942742661564
231,7.331839945254228
232,39.85323792558026
233,45.400820002435026
234,68.19888567817665
235,71.41015821780607
236,3.3613543725476696
237,80.40282847693385
238,37.27155245575903
239,23.6858807838405
240,38.15789872271855
241,47.057473457234664
242,14.063183461614642
243,81.5057420029683
244,63.0333577735611
245,18.312564709670998
246,24.22573459037692
247,48.29425293237899
248,20.746640279337534
249,130.94453888814888
250,38.49155378543115
251,34.26387202881256
252,39.282289637489974
253,16.444176163669344
254,32.36682589403058
255,54.61040196971818
256,49.63073212633183
257,37.33046973319523
258,18.594639697356
259,44.731671578496204
260,200.12788442238275
261,33.19805787185685
262,23.76481484031993
263,22.732164695612465
264,18.340942547539804
265,92.95826120021101
266,6.991910009168827
267,60.589339047802255
268,22.579379711544966
269,14.663613925382874
270,36.21976656997088
271,29.914648232039223
272,49.56893927214029
273,73.17198596389936
274,136.4555728475188
275,52.989311702574625
276,64.17607089017733
277,19.9817680593137
278,4.649181352936807
279,20.988726530280474
280,46.176633997233324
281,46.29472412343013
282,67.64135320920049
283,9.354348978286449
284,31.988193790872213
285,25.007468129339323
286,49.36360263243315
287,21.05476479923921
288,34.992293940743664
289,38.02861562674724
290,31.502398207432122
291,28.20490848621218
292,33.410017928939915
293,73.87993541423603
294,10.386969126495444
295,84.68665084538173
296,30.38265695054695
297,23.450776927548297
298,40.13979461005729
299,7.368733383935972
300,33.159057096725824
301,30.520192886115694
302,36.233565255537826
303,41.62999124129917
304,48.40745221881899
305,27.79420816458905
306,28.211412919161216
307,57.36462563239039
308,39.44479239632556
309,47.53260116326917
310,34.58817536611812
311,65.79829802493893
312,77.56337415103512
313,19.007384517855872
314,41.36588093045233
315,49.89767735094149
316,48.46128868426702
317,24.582288081718858
318,20.466236324023498
319,57.40155660362044
320,26.486501515649433
321,46.13399052884652
322,43.692146920151906
323,52.239422944570556
324,36.62953958620181
325,22.775054780625744
326,17.850144650940848
327,18.381504669492465
328,29.97703731074343
329,41.328993714857695
330,40.66608757331609
331,11.704939407764568
332,28.028155930555176
333,45.570018973002206
334,17.522675874590046
335,55.52036125438413
336,106.71316366221605
337,5.908823241561075
338,23.73936693076533
339,15.391086203407175
340,13.592591969413691
341,24.661225468968325
342,46.40289923935927
343,35.04383041492172
344,69.62125323216826
345,49.4010548358987
346,45.9016239442859
347,37.53283851494369
348,27.411667614237896
349,31.749775472230784
350,34.77997920627747
351,45.125207613971625
352,33.43038015796995
353,47.0323201534075
354,32.636754418566376
355,32.605056607329836
356,17.937846285839793
357,42.77819590660893
358,46.03690169865568
359,41.56699216326327
360,46.31796225234728
361,42.45242689973518
362,48.70399858973642
363,8.903527812092587
364,39.643030177638636
365,27.649739037792575
366,28.571152508460067
367,63.96021648995358
368,40.662851945009606
369,36.228495496054514
370,30.028859296573344
371,34.12965152710502
372,69.57663285427351
373,50.67409041367059
374,41.61705230572564
375,31.927303926395222
376,54.1558059560095
377,68.14764898852222
378,62.01482893597467
379,75.5951039355953
380,18.438504822425944
381,5.957641211842513
382,22.719069908178298
383,45.319150485686784
384,29.31982435894137
385,70.99360075883958
386,58.6504036007998
387,31.83160459423525
388,48.983865270463276
389,23.91411874536991
390,33.53179544741447
391,44.65176732795584
392,45.0064087538464
393,133.88636484466292
394,20.163806695881718
395,29.097290037248065
396,32.30145102454114
397,31.165401352938304
398,59.758061081100706
399,39.4108686503915
400,35.17629095064212
401,39.534164089426646
402,35.28475066526533
403,31.921090628227187
404,44.51631152016312
405,45.84514309229603
406,21.524124468213266
407,54.36334999066996
408,22.669675300182284
409,28.625353605417388
410,17.946555181763955
411,29.649267584647397
412,28.749036831676158
413,27.067572441040166
414,44.57102537001229
415,74.65688910712201
416,32.67488540809771
417,37.40290698800513
418,33.32737538965987
419,102.35748857022325
420,48.99960414170209
421,162.9300875103572
422,35.5929118910283
423,80.97668259271377
424,24.967827621391567
425,46.359157145244794
426,31.124282742714204
427,48.8836753674787
428,54.20408368714775
429,48.9577733870959
430,34.84433305027216
431,26.75146697788119
432,14.054238172453505
433,24.811173251702616
434,33.34696229702599
435,41.858410378823734
436,57.224573664142106
437,39.97663662673435
438,35.84450647765867
439,27.03262986028363
440,28.208861762440034
441,24.401185041752328
442,30.713841010887823
443,79.59624920285485
444,54.57189802543891
445,52.35849229671321
446,34.67239906092311
447,64.18929722864729
448,6.677329921632871
449,44.42770537287232
450,13.87011200336138
451,22.57850888346027
452,40.91800331273703
453,49.84454430254391
454,37.41327341575699
455,50.36697173314817
456,22.685080835808726
457,40.10012156325186
458,30.386769632203205
459,76.66252894784824
460,15.07346941358024
461,21.1240707965889
462,46.57222029641055
463,50.5978579709593
464,13.12775168217633
465,46.941978465700004
466,25.125900754357435
467,32.93444875452402
468,49.3678415605952
469,34.214829005652675
470,17.598389862728148
471,28.106433576853515
472,36.08267263704691
473,35.52448975014791
474,24.045886928106867
475,32.66213439607267
476,15.343182582290005
477,16.424178884116927
478,17.234896730477704
479,5.938929007923173
480,49.32787408096474
481,33.11376523370765
482,14.717156143430309
483,14.481720996725594
484,34.83400225932898
485,22.73517108670494
486,53.286395294996886
487,19.459469388301166
488,26.826102655577426
489,61.557971039432445
490,38.24213546886662
491,92.64865664534734
492,43.72236100786506
493,29.340694991027107
494,41.072121332673284
495,37.84154284373602
496,36.29312563021485
497,33.687124183500146
498,19.371708509715052
499,21.01809874652584
500,54.231718458014775
501,12.802342456482139
502,20.719440341972035
503,33.20639620591286
504,37.097777841854544
505,25.636442055433957
506,51.89341519424099
507,25.900772437147662
508,29.373396349390323
509,61.15392865167175
510,39.59621262169014
511,40.475357713796754
512,66.28363831736792
513,29.135286442235465
514,70.6254088609294
515,20.325466780917747
516,40.03055086600241
517,17.82651977090066
518,32.69906615184064
519,43.329086865718686
520,26.678477798097916
521,52.20028507763133
522,61.86517429255432
523,36.413925955050544
524,34.55308005431447
525,22.816997311258657
526,73.89465669645635
527,64.08219250002429
528,53.289685777572544
529,49.127902631571885
530,10.947377298375361
531,67.03132432009551
532,24.538747673530036
533,52.37004103238543
534,86.57475887997768
535,27.488163861498343
536,33.52095386229022
537,43.119680408450165
538,41.26382636837657
539,18.77006417211589
540,26.114459586253634
541,36.56149328839191
542,20.702225747964995
543,20.065248241935162
544,40.612943386601174
545,27.79196610637588
546,78.70508281161808
547,38.03271630529668
548,50.241829979999835
549,62.71220448410431
550,28.46797320189997
551,25.91003547006181
552,42.60937514971115
553,35.53662457411173
554,47.7683356893191
555,71.26970633678037
556,42.13775667056186
557,26.511477281415452
558,91.68152399675493
559,31.29993343521806
560,25.107708260975823
561,9.203173124334345
562,38.30739870991496
563,49.692959112405845
564,61.24759276808963
565,26.729779796189323
566,56.05285428355156
567,24.190666373259983
568,45.88555998762474
569,32.52107162034882
570,33.96039662669736
571,24.268926524264245
572,50.796001859663626
573,32.5735663086309
574,46.493207325427235
575,48.85287937423079
576,41.94448067409932
577,36.03821420662916
578,33.77779106145643
579,29.07330697817819
580,47.1183588568465
581,14.746421356145177
582,64.11896446993076
583,85.3370249737398
584,34.752123802185544
585,46.022588979345
586,23.63481304856015
587,39.925918853421045
588,72.34624359267167
589,34.24034000977103
590,24.272695314625864
591,30.043710902955432
592,76.65425707423056
593,35.07579361572574
594,40.06291989203845
595,60.2967970822206
596,16.579116947400305
597,18.88366842315315
598,51.5802189782665
599,35.092250414205076
600,37.59682744358674
601,66.16376475964796
602,13.47389213342614
603,42.51873843399413
604,27.823842231934776
605,26.258557269272913
606,19.991435582368904
607,65.29220701141821
608,26.028195791749354
609,33.19949123816857
610,52.360510863011605
611,36.031061841818484
612,37.243605847670715
613,13.796378164533053
614,33.13868244489677
615,37.52901460526375
616,49.311626728223885
617,32.289689098434245
618,56.44596353222324
619,28.708592415601835
620,49.370497863633574
621,32.368075426061495
622,36.89223196806159
623,15.535294022880093
624,42.64343575783791
625,42.90239184713478
626,53.773269107298844
627,69.13605888459458
628,39.62646972916636
629,33.24276940558207
630,5.20095439427077
631,61.454278399153594
632,20.536614569528673
633,74.25975665893078
634,52.97945599396052
635,58.282738379291224
636,52.54681081505655
637,64.93820823593873
638,58.41870866391123
639,17.793983469538166
640,20.176045088944296
641,26.618069793503725
642,51.37739511650753
643,32.28274992658435
644,53.52380502370606
645,48.91907650206201
646,27.128134941675725
647,48.46954770377577
648,11.052893268804644
649,52.40646112964301
650,27.62066962303332
651,29.171256014614155
652,33.11841298429083
653,51.37030581265331
654,45.058874500270974
655,25.335986017119573
656,42.854369520296935
657,59.50602070132244
658,25.122957673335137
659,213.95034231680572
660,37.45519463221594
661,36.19721138523526
662,43.78945274764176
663,40.91404020720801
664,25.202443068817505
665,30.09416964562878
666,35.16626926193719
667,27.929658229278473
668,115.65445337916779
669,41.73671160741184
670,28.835859964846332
671,86.7368632198169
672,75.30125815859498
673,21.932845455605612
674,44.56406329091536
675,131.04318129586548
676,39.85962584859311
677,43.629154730741725
678,56.366794402735174
679,14.336440690238428
680,36.120267786578445
681,44.729823387512205
682,73.27059124029167
683,18.450967665112685
684,4.648805249189603
685,36.04023678244148
686,70.82026857735478
687,60.640918993649535
688,60.96691616735265
689,49.331237788441115
690,20.072568072734583
691,38.89113260226388
692,57.6314329128521
693,46.90424984525907
694,52.93893374617925
695,26.989320353756952
696,36.23440523067084
697,36.63718699042009
698,34.27353924173653
699,44.697170957380365
700,58.370343325542606
701,66.6620766525824
702,110.96498433695265
703,49.23993440985298
704,45.22518975489684
705,21.70875335007604
706,71.98820298029437
707,44.20177818703723
708,38.741869733622394
709,67.0555726545484
710,12.51480017605953
711,63.27961021487694
712,65.14347157593987
713,29.359420438649078
714,49.14197692013178
715,23.449454137979867
716,31.343423886140243
717,63.891963309319856
718,50.973681774092505
719,32.52203733901935
720,15.918354557688104
721,46.913804473670346
722,35.34607039021906
723,8.877015191045514
724,40.00466989531267
725,81.59268383620905
726,44.73495392838126
727,30.10072412063021
728,102.57880778104688
729,41.680163075798035
730,22.789130300486498
731,35.778988494161624
732,52.761207346089535
733,32.44000273908665
734,47.87213341199694
735,48.42584896756807
736,57.59943320280788
737,48.48730686245267
738,40.373826948689114
739,36.77163225551444
740,19.89008931729712
741,63.03140486264214
742,20.7781261381815
743,17.324455537964543
744,40.514814752948936
745,69.51687348089708
746,33.49157786166301
747,54.19442293660034
748,39.64512886064983
749,53.51071667534864
750,53.45204093104166
751,78.15949567179206
752,51.64710430945926
753,37.75687634334755
754,36.128222890363354
755,43.46632301720342
756,23.77287177209534
757,34.26744655760946
758,17.720557031532017
759,55.44941189150524
760,20.579277033800704
761,40.153104313245414
762,23.49954698242819
763,51.81256650132138
764,30.204981000533117
765,18.159279814793457
766,42.928478099597754
767,37.42636060549465
768,40.01122683524767
769,33.737417792277874
770,56.780877881302786
771,67.44592509457192
772,22.746259824687822
773,49.29953137096967
774,27.890909238733528
775,25.001695616414533
776,51.03494191225254
777,74.11921701983961
778,55.39682945720258
779,73.1821588455254
780,27.537575088610772
781,70.01571149554168
782,47.840843661456816
783,22.852034782303654
784,21.308315297267296
785,39.78021594453653
786,11.976899805763951
787,29.26039397779025
788,49.31910007964003
789,44.14912426710366
790,22.200840202606443
791,70.36243400780799
792,27.488282261128784
793,28.394700531539918
794,58.18481871761885
795,44.659610607888865
796,16.146796010724334
797,56.37275292619793
798,83.91332032395994
799,42.214939095442936
800,40.716813937654464
801,39.11110076746217
802,60.14579679330853
803,45.68132442545616
804,19.56340921426971
805,32.80937553632045
806,44.825807388097964
807,62.229231757161976
808,40.870974721940904
809,28.821962532767703
810,28.70346954526334
811,31.816319487009885
812,34.487951976160836
813,19.337951700279426
814,34.27132145872105
815,56.16679771608742
816,59.66528003035457
817,77.07410566231228
818,32.05964392867628
819,28.22911218195321
820,72.43212474662946
821,57.66176623354986
822,63.60856999001862
823,56.69379061376656
824,37.265045759082
825,31.828905523152073
826,39.43071495582829
827,13.77041435988254
828,38.425347440233374
829,26.19006694943807
830,20.007054131100915
831,114.01085717786451
832,72.34396662565348
833,26.258796427134016
834,66.1083435690217
835,25.058227283036036
836,44.43484541271298
837,75.25100375301075
838,66.84826037132629
839,51.56025029856027
840,71.61554235826387
841,50.38311433211507
842,38.87565824767282
843,28.36361396663617
844,43.98662040741371
845,11.814145515313053
846,30.487290744470606
847,17.994372761148092
848,26.349704766192726
849,22.928505662403666
850,118.27596154705535
851,46.221707256098135
852,26.355975521474075
853,84.34590458084995
854,35.28951627325884
855,34.420505478587486
856,60.4491852135874
857,32.3758858593512
858,92.61138108413023
859,79.65172000330489
860,35.83957530445665
861,43.44977059296925
862,61.84526168863649
863,35.25493491906354
864,13.734174551142136
865,55.62406658791863
866,29.233220725487186
867,39.070484090316626
868,28.04819802864358
869,94.99694914133643
870,39.860384698285124
871,43.059474424008506
872,41.867895914489395
873,23.648888040723936
874,85.47144057330475
875,54.22728978943968
876,68.81997874534717
877,45.361424764721534
878,45.182498184266706
879,26.79970764364715
880,28.793257885027607
881,50.612259783678056
882,40.68065235044989
883,13.578168453792575
884,46.077686497925114
885,49.40947658311517
886,13.87688919923706
887,65.35815959975216
888,70.98924141288029
889,27.16601480272951
890,37.52852745521636
891,9.599862191671647
892,57.87766242788698
893,32.244830662906516
894,52.00835445032331
895,130.60809779889058
896,30.052374382106585
897,59.68935912672221
898,32.977372301552364
899,37.54081283495632
900,24.00658947140426
901,62.30462716381751
902,28.789376617009065
903,49.948256445181876
904,28.395267398854088
905,27.331115441528194
906,35.42537443195699
907,31.41661291402072
908,28.412585866257047
909,16.86074101080343
910,34.420703632517984
911,23.03538969877961
912,32.74416917413029
913,29.197151336724186
914,52.23423011712583
915,46.875830309561834
916,52.82670725880569
917,35.768927549531114
918,25.04945929737426
919,29.436366706985837
920,35.0601260398683
921,44.74888796118452
922,44.604865902877236
923,24.75827075523908
924,41.09857757297058
925,134.10645451390985
926,67.12356319561002
927,41.39300819353403
928,60.40557372786232
929,45.29761751985342
930,54.99794915622128
931,26.71953902621419
932,76.44282781717969
933,33.70339352235478
934,19.934902603121483
935,26.36721152292638
936,46.366141168970024
937,76.57925685546962
938,31.643269749763864
939,44.35922950607654
940,54.62324187266721
941,20.33266243753691
942,41.1452809705869
943,13.731086746037874
944,14.811628511382184
945,50.3157295210136
946,51.44233344343047
947,37.41620020305049
948,55.24805236921543
949,24.776091341642424
950,165.84811165963868
951,37.678629337115765
952,43.857629975870445
953,36.27751367987564
954,86.42581678223247
955,53.26945918591691
956,34.661059286919745
957,51.775694857685394
958,13.256551426255275
959,54.807514950957334
960,83.54121323243035
961,33.42946825337749
962,30.366803381059125
963,82.50088236256272
964,37.567354429889875
965,10.960578371189929
966,55.91205312205922
967,14.563685041793327
968,19.103631715365786
969,21.024224630194084
970,39.21236338754194
971,29.38445224315359
972,47.43708441946637
973,29.51997712747385
974,26.96135515245052
975,41.69396651119051
976,58.751630147991
977,60.278593735429226
978,35.71304138983742
979,30.045755710631255
980,24.30733756697194
981,53.41418911419246
982,38.197583547003184
983,5.7490322866423345
984,17.663672830524117
985,29.46829797069785
986,37.14443896272779
987,86.01557985204367
988,53.39853215747692
989,18.09771298942318
990,35.46856967101258
991,52.31611906640296
992,22.511907627711082
993,51.04496303055979
994,35.78017322936298
995,48.744117182110344
996,29.906761888990925
997,28.0783905525169
998,13.512887218848531
999,34.03342330744176
1000,26.549591225349126
1001,28.336528477541005
1002,37.832435164360525
1003,39.36044278441785
1004,46.30700119868756
1005,4.024641679015524
1006,7.247547152840755
1007,14.213157207906134
1008,58.817627886663985
1009,27.939855843750326
1010,36.276039102077384
1011,44.584617786547696
1012,36.57124472639195
1013,198.91245608355763
1014,63.74842413099609
1015,56.256314440531035
1016,20.89800666253548
1017,59.08392862662359
1018,23.54418772827594
1019,19.48915798418558
1020,174.78842370463713
1021,84.73411115993306
1022,32.32217866996781
1023,26.467083152138176
1024,36.26485967591936
1025,15.939963765145999
1026,48.74162730618462
1027,33.57004972912014
1028,87.82096597466126
1029,64.28432913525008
1030,37.460812843534214
1031,64.88980268624438
1032,25.171986961890457
1033,30.205875486865487
1034,36.6058011213819
1035,38.27716781498538
1036,23.726081627424545
1037,14.50210362366495
1038,21.15546808831083
1039,20.839110534966835
1040,13.435065964065656
1041,7.1065639245032
1042,31.288740757804558
1043,57.91579530285719
1044,275.3436125288932
1045,15.691019871272282
1046,60.249893529691235
1047,18.418559230577568
1048,28.91278506129679
1049,41.07350799660312
1050,40.8494781937769
1051,58.52494057159249
1052,18.074814327344853
1053,34.461136651812076
1054,26.99562998299924
1055,73.00567416302239
1056,15.326690150933963
1057,13.38270577524173
1058,29.474304571189617
1059,9.972596966408203
1060,28.61007118045087
1061,23.864980018905964
1062,56.88672501645606
1063,50.079115345015815
1064,22.965568565032306
1065,28.16897636107551
1066,41.0423954138945
1067,20.218173792401434
1068,27.33430186900509
1069,18.802613374670706
1070,45.72861542340598
1071,18.758071411214722
1072,53.12680702711077
1073,45.36708988660911
1074,13.172947168206614
1075,55.911926261263204
1076,118.07393745924948
1077,28.792487811424007
1078,120.65458942707802
1079,21.281862487285373
1080,9.336668165465152
1081,39.154899727754106
1082,94.21263490830968
1083,42.114199174021024
1084,20.227048807435597
1085,29.633582095982575
1086,14.132247968535827
1087,112.93409952472852
1088,31.910525455143272
1089,14.419006436621515
1090,13.455135006982854
1091,65.62091787012692
1092,38.334709226936454
1093,26.48684746819741
1094,86.5036303419071
1095,37.248422535862495
1096,6.650150971396838
1097,132.74017473404717
1098,10.349778993043243
1099,4.413607430706956
1100,49.56776214131247
1101,51.3447729479709
1102,54.26293700798245
1103,60.522565503429895
1104,10.862751510271563
1105,119.46876695851941
1106,49.36508429463475
1107,47.63530985445647
1108,25.0019788534879
1109,58.367851472279725
1110,26.75432235301366
1111,76.05070958690172
1112,33.619354636793524
1113,63.185982339651986
1114,35.540293757509296
1115,35.36963285909224
1116,28.95951269183811
1117,45.88733938227055
1118,151.73479570620825
1119,99.53900480811627
1120,70.26680119483203
1121,31.523684051604032
1122,70.18468414573495
1123,13.63636483019725
1124,55.72262799810623
1125,21.569626242230186
1126,54.31718615280523
1127,23.14227250215673
1128,20.800584743535016
1129,55.94385287398688
1130,13.3169275231269
1131,41.15809640221405
1132,64.02161087081987
1133,37.91750695335707
1134,66.39484983972864
1135,109.8021910542786
1136,94.57833252430765
1137,10.852839724924609
1138,29.76139951123197
1139,35.05259149444067
1140,21.030152530836656
1141,35.4025190695531
1142,38.57835109176695
1143,39.72603958355841
1144,34.234426153110334
1145,49.01576887494202
1146,107.59336514068495
1147,41.38934625273407
1148,150.42789575753406
1149,35.70181115845165
1150,12.71802673105789
1151,52.45897322365217
1152,41.1510444068834
1153,42.93847677443021
1154,41.882096778157646
1155,122.00551564451318
1156,29.811898446291323
1157,34.80775527852476
1158,43.07650770397042
1159,67.79785778794135
1160,142.49955790246193
1161,114.94194315140572
1162,42.70869589699764
1163,18.42063209998665
1164,24.63632180441612
1165,70.79668007751343
1166,52.723311070076555
1167,132.44548568590898
1168,47.546032753229305
1169,70.90733227195732
1170,22.826599111022436
1171,24.371948416601192
1172,53.333024565680276
1173,6.780453566638142
1174,15.764102392857758
1175,37.01341481473077
1176,50.21915967938603
1177,76.82706068130403
1178,19.790421990474414
1179,17.42174793067887
1180,53.753467498381845
1181,20.072283747280206
1182,8.634575262665676
1183,37.46215124148979
1184,50.74736344134468
1185,73.06929558593201
1186,25.93597196935581
1187,53.64365130242015
1188,48.31192360724667
1189,23.48066445656231
1190,45.607906978457954
1191,30.924277655411604
1192,26.430451845096982
1193,57.29520238820267
1194,59.244887224197406
1195,37.84538193525805
1196,11.7728584914007
1197,22.693738531917234
1198,17.131217585075053
1199,24.996192571304448
1200,44.57448617086716
1201,33.245170464626455
1202,47.776238257338825
1203,49.75743705450499
1204,37.91516046850068
1205,35.017377309477716
1206,40.43597486016543
1207,58.85917917533353
1208,35.980879469533946
1209,43.58109201323713
1210,81.3630426290908
1211,94.87919313007365
1212,53.49013457553685
1213,43.145816406584636
1214,43.1745977239222
1215,20.196585389151256
1216,59.49146611275827
1217,41.3106476354959
1218,39.51000215565308
1219,42.20847935773573
1220,123.34442117791683
1221,54.941888664675744
1222,53.90939254136914
1223,69.50881474806764
1224,9.683710661012139
1225,6.229094723122241
1226,15.685152239045838
1227,58.87743146395915
1228,6.797326137375441
1229,26.769156149173227
1230,80.71366072694347
1231,35.382868959883794
1232,66.82828118065758
1233,6.553318661486522
1234,36.37760695660239
1235,25.96689910081001
1236,42.57252413261424
1237,26.944863211381723
1238,23.664466977147736
1239,36.43633591529148
1240,84.50137884364462
1241,26.02652669161264
1242,92.47491379957881
1243,22.745609137166092
1244,89.1206857051043
1245,32.833237163065775
1246,21.162182445868737
1247,31.73556662350262
1248,33.07525443083479
1249,31.08596862837813
1250,25.81760264843866
1251,55.49061871167205
1252,18.642533227901957
1253,11.503842058787395
1254,38.372510842242704
1255,45.49851410112761
1256,29.180737384227832
1257,17.859042462541595
1258,45.09695861519193
1259,13.03823386264519
1260,63.00451600418015
1261,54.534281210757385
1262,20.88256008719846
1263,60.45084184694959
1264,27.770332372086585
1265,27.710111626095514
1266,78.3648955702955
1267,50.414546162436515
1268,21.42704475797651
1269,39.008704700256054
1270,30.727184307679774
1271,42.17213515414696
1272,70.88560783165174
1273,25.190883983700072
1274,36.75471556794548
1275,35.39387212260816
1276,21.771017195519097
1277,76.78781202949916
1278,11.474454864218407
1279,23.087501134859902
1280,62.018934846805394
1281,22.025821065966582
1282,31.450626321778607
1283,24.554509185713563
1284,51.776826322621936
1285,36.55643152985718
1286,32.85510180488246
1287,24.629549714549547
1288,27.79243315098883
1289,53.9500984574677
1290,53.144077002024105
1291,41.110956764604786
1292,18.90067678375515
1293,51.11370714674468
1294,39.02169547667726
1295,44.7016766291689
1296,44.79575947424239
1297,7.570507891756038
1298,49.63071023592832
1299,40.90064248252805
1300,34.36508901024398
1301,41.019402991633655
1302,23.833895747995108
1303,53.404694094756394
1304,60.91922387247497
1305,55.99975867212716
1306,61.295165830308136
1307,38.206458222572564
1308,37.19538583969067
1309,54.56055034706455
1310,58.32095605665194
1311,56.48938243208015
1312,39.74365782289898
1313,34.856871581736144
1314,61.45020142371124
1315,24.27656012937924
1316,35.89466588571482
1317,28.66638773869344
1318,50.344076847863136
1319,63.66324846600086
1320,48.71585688298684
1321,53.30905111467562
1322,14.257320300319416
1323,78.6948673928271
1324,25.99958800958663
1325,4.678196208239861
1326,35.97517360795352
1327,42.5061899530274
1328,179.26964950323642
1329,51.28804782396605
1330,61.02420363411768
1331,47.43207898487702
1332,29.3819071755543
1333,42.41727471194919
1334,50.08691380232726
1335,17.955989324817246
1336,37.38826669765741
1337,54.97740329912069
1338,15.593511209390579
1339,30.548492659127792
1340,20.02010120036895
1341,13.479784630608629
1342,85.73462522410705
1343,24.841202638919068
1344,5.612495839103774
1345,14.95501412075981
1346,76.73304173210637
1347,41.55129843622017
1348,60.87402667053529
1349,24.54546007390588
1350,61.413762221172426
1351,24.953753035842464
1352,9.942059589035804
1353,18.408769239842215
1354,27.911058887537667
1355,64.98620381322837
1356,13.693447287718676
1357,36.57174389899212
1358,16.109743204719276
1359,27.644423973389152
1360,35.661272386808236
1361,36.290693757295706
1362,27.85561118902724
1363,41.7720498730478
1364,36.44261442281563
1365,8.518590719855451
1366,30.863945473428824
1367,29.76096589090569
1368,67.92764193287877
1369,26.549953880344646
1370,86.65654092922239
1371,79.69506810427603
1372,69.51125239917523
1373,56.435248437627315
1374,26.551464401664184
1375,37.55000014226352
1376,6.734607470701596
1377,9.63645420665265
1378,89.65966424026556
1379,22.40843999006778
1380,42.01086161431109
1381,9.353653296604108
1382,10.294486154477209
1383,7.069163580139215
1384,17.37967588277789
1385,11.702672626492136
1386,42.51583396206119
1387,65.6501842123691
1388,10.054307765609744
1389,33.390492774094305
1390,39.17590080432924
1391,46.04168523481565
1392,39.87092663389227
1393,21.56111096867198
1394,21.98349205062443
1395,1.806980247554033
1396,26.321914526634473
1397,89.54345539033625
1398,36.173693623039355
1399,12.083991013200981
1400,15.906660633569086
1401,43.44109124151788
1402,33.945881893047655
1403,44.343224233214784
1404,98.75360605452484
1405,79.84245196426083
1406,51.21928763403426
1407,57.20955840671252
1408,81.15412958971868
1409,33.23857990824376
1410,41.14752715550967
1411,22.50596539988606
1412,47.11040909573352
1413,103.81643052038244
1414,57.56007981514159
1415,28.841885536490327
1416,32.15607447697653
1417,19.42094090924502
1418,48.38117372830392
1419,17.78873477810124
1420,41.80590792792856
1421,29.447174683193634
1422,60.760545227010816
1423,30.970545948580025
1424,50.07663519559217
1425,145.12304970030357
1426,42.98742239641943
1427,25.02195025325789
1428,43.44984746908598
1429,47.45086353635755
1430,57.28968513030707
1431,49.09861343660496
1432,73.77965105647976
1433,30.239139113711868
1434,24.60473548533721
1435,18.35760474178656
1436,32.22536625569313
1437,24.350942257465675
1438,33.10844977058872
1439,22.77161372365965
1440,29.49652693543295
1441,18.11189137046667
1442,46.61966101053999
1443,36.73864511052429
1444,33.86508415368736
1445,23.994945146704673
1446,35.21580493890945
1447,35.14794760946919
1448,20.186552250003167
1449,32.35917655497689
1450,32.502278627413496
1451,36.04993790068512
1452,23.862861139855788
1453,58.13644894961603
1454,49.502255439318645
1455,55.78376386597099
1456,57.6075177580231
1457,5.9978837308911555
1458,60.34944326465434
1459,9.764529084695281
1460,44.37675054654975
1461,11.590466340135363
1462,33.62679579561091
1463,281.51976875103304
1464,9.250727416304827
1465,6.980232704921193
1466,31.777710381396805
1467,110.20663117312978
1468,37.80745293968993
1469,19.930012076613703
1470,23.945800799148923
1471,51.87585176855887
1472,57.90572658996788
1473,20.734565781500898
1474,49.85041340266442
1475,32.15964967030961
1476,49.16641482247408
1477,33.64201203874319
1478,81.84949023872801
1479,49.99797760785439
1480,64.93380671125338
1481,42.20290963486753
1482,70.14764190948073
1483,49.685739597366165
1484,60.30398684413046
1485,70.6562583808602
1486,25.547960375829188
1487,18.22510203166512
1488,38.35743110802416
1489,28.444254898400267
1490,33.95514098783227
1491,51.191312176061075
1492,22.55893202514581
1493,75.4010377750348
1494,95.21847754272066
1495,115.05859290083269
1496,37.953811658036386
1497,41.832449596584695
1498,67.26964227379894
1499,43.76388513768319
1500,51.93498194797798
1501,32.29227364586639
1502,3.7048820306085593
1503,36.436151661570676
1504,11.744660337747874
1505,32.852679982216905
1506,41.849463039566174
1507,44.68915870626166
1508,33.27134317083954
1509,50.89339882040406
1510,56.05586508992821
1511,31.373758484371045
1512,64.75488615966401
1513,80.14413412830632
1514,76.022046482846
1515,82.00445459620833
1516,42.16603940675167
1517,22.049850324077802
1518,48.800036275719584
1519,63.55079329637426
1520,64.14776690329069
1521,25.220290573547885
1522,46.02239663430318
1523,81.00595368093643
1524,72.51867202298138
1525,60.98466463205721
1526,35.74371596572486
1527,45.56900362299606
1528,46.04424253153012
1529,52.68530495285053
1530,51.118543420208184
1531,58.424217888125824
1532,92.11380642325045
1533,64.25200009055138
1534,13.969495078279136
1535,74.23275088910577
1536,21.937127623593412
1537,34.555593287498
1538,36.89070587358133
1539,34.766914466954496
1540,21.569681080566365
1541,59.49243716099805
1542,42.01492169000259
1543,33.17699394321763
1544,45.515079321735286
1545,14.457073483428099
1546,16.554461721153924
1547,15.258190356001197
1548,34.28024393952237
1549,45.08410459658972
1550,21.539235172074093
1551,59.514103330567295
1552,55.32078731534244
1553,72.73888313923966
1554,44.93969224230766
1555,68.01342217706402
1556,70.86100768532582
1557,21.401738012362124
1558,38.26967302555647
1559,85.15530673759474
1560,57.05721117597658
1561,30.64835645300864
1562,57.6513074452279
1563,78.76616384658675
1564,147.40881564055744
1565,99.7208432424799
1566,55.47884674627749
1567,137.75088950227666
1568,60.22316719128779
1569,69.67947753361892
1570,56.221780869420996
1571,33.71558366129875
1572,41.16159854464382
1573,60.578734574886134
1574,59.5393275867818
1575,29.002974929208865
1576,15.513474218730671
1577,54.60223549800836
1578,51.30445449644082
1579,88.56625669781226
1580,43.7992155850995
1581,36.43430048615949
1582,38.0235482188085
1583,26.13705966031966
1584,23.448953773672272
1585,42.48399418969913
1586,40.17081631284599
1587,60.879338173139146
1588,49.04911903158052
1589,46.78972734455926
1590,45.833494569472094
1591,25.856919737461485
1592,50.85962751925322
1593,125.32981649693923
1594,31.751460597435244
1595,60.21015928637913
1596,8.263501034031027
1597,5.40960976881145
1598,47.0610411928423
1599,51.612020561868704
1600,26.965322676515207
1601,24.8690271653076
1602,54.20405415779805
1603,60.458311649635164
1604,62.611869773198116
1605,47.508997065344204
1606,44.662656631152466
1607,40.173967309880965
1608,62.712341947990836
1609,73.95287843559329
1610,59.851167245194176
1611,29.72975263514139
1612,29.611064513287864
1613,65.26299452401656
1614,47.56357383961952
1615,26.55765694811265
1616,30.80127505528549
1617,234.93712189070828
1618,56.531929390784605
1619,78.28920777361894
1620,40.30861521759364
1621,54.03207184264747
1622,28.612921450828257
1623,25.559549689574066
1624,68.85372871966634
1625,45.308005086061236
1626,34.42517877605593
1627,37.86028274088917
1628,65.77609852930614
1629,61.643242025403914
1630,50.07399835400437
1631,128.226054776173
1632,44.541551854569896
1633,51.02322070156329
1634,43.34563319997171
1635,101.66759207202446
1636,36.984810071643
1637,13.984786842358428
1638,52.932975972542266
1639,37.23416022336865
1640,16.84330200088477
1641,39.06140807797767
1642,61.48337325080493
1643,33.506199916592976
1644,30.842158854471357
1645,53.19566329492842
1646,24.720482014413417
1647,32.02416143173647
1648,72.5972813330135
1649,64.68850329021139
1650,74.25829138170111
1651,37.680668602317276
1652,47.45994347365993
1653,64.50420019056459
1654,54.67749539711503
1655,227.3940760519865
1656,33.49425991106225
1657,23.78314122878965
1658,53.02751584609895
1659,8.942852899139082
1660,101.31777522975679
1661,45.46134990008619
1662,74.36915215340179
1663,42.36820749816317
1664,50.83148653493663
1665,65.93564639344056
1666,29.66430547169464
1667,83.76316273767094
1668,54.590536227685185
1669,68.79845168659261
1670,53.3422619975739
1671,29.94241509978336
1672,25.33533441960134
1673,50.531407628512106
1674,37.387488319324696
1675,36.729924951422596
1676,29.698396634089494
1677,22.05575655140219
1678,29.178469956655483
1679,58.023945983268355
1680,40.24291898317807
1681,50.062361372635145
1682,38.60674975297142
1683,66.75697850661544
1684,53.58867310002376
1685,55.02026524774342
1686,84.67710543992378
1687,52.40811829599623
1688,42.02624748068857
1689,36.53076550187953
1690,68.71696907489614
1691,31.980456545589817
1692,29.765233171336593
1693,58.062939289170494
1694,113.85128756489952
1695,30.04522959644158
1696,77.71249780078539
1697,37.8869029377516
1698,150.8192656515007
1699,42.899174889251704
1700,35.88525071937349
1701,71.19468765857482
1702,79.81636740026872
1703,38.04855119569151
1704,117.09710288366502
1705,70.5475138352479
1706,43.823908954771156
1707,32.60555234169728
1708,48.23379895345644
1709,60.05201820033354
1710,136.81509539851598
1711,163.94066626122796
1712,96.55609868769383
1713,72.15540463927753
1714,87.79525737757784
1715,30.488671562706173
1716,86.86260189912154
1717,131.58710736256864
1718,26.81513658889602
1719,52.33046851038674
1720,35.63318894853889
1721,24.15441590942329
1722,42.30527679304791
1723,51.37437110701545
1724,60.86954151831595
1725,47.60532710328261
1726,43.00404292084745
1727,76.31670504167798
1728,57.05272243069867
1729,62.70042471129436
1730,24.185630492094155
1731,83.87094237271454
1732,37.75065709798857
1733,63.966492800366375
1734,39.0907850494102
1735,34.46171837781886
1736,65.42558536322989
1737,46.7423383980304
1738,42.91849419251464
1739,42.081538882846054
1740,59.436737204655614
1741,89.40376305082164
1742,52.411196117997804
1743,31.555460639682156
1744,57.83506215276042
1745,16.66501909832788
1746,36.38997479671811
1747,36.67723437386726
1748,215.65794861315206
1749,52.60391243556789
1750,36.84153801495218
1751,52.979436652471875
1752,40.582240270483915
1753,36.48929354490692
1754,55.27555380255095
1755,63.45584030791131
1756,24.978088279330507
1757,32.67538770888624
1758,41.704733871706665
1759,66.33779315439101
1760,71.92940567519679
1761,53.65186023139815
1762,53.89630315825328
1763,109.8853581691935
1764,43.82293842430851
1765,102.59629955900698
1766,28.59956382251072
1767,28.85155105203192
1768,53.93055738634743
1769,18.209609131677173
1770,68.42832805942838
1771,18.254040650910405
1772,54.28552224159844
1773,17.375629560022702
1774,10.154484999864563
1775,70.48682604204593
1776,17.078091454007815
1777,13.743289047739445
1778,37.49713824682815
1779,16.07868275837199
1780,38.034778385494725
1781,23.651313575651937
1782,33.17470313205786
1783,56.536758769229316
1784,66.93347447406906
1785,58.99845689348894
1786,38.119281251427196
1787,47.24687151250453
1788,47.38327299151792
1789,66.28475930269681
1790,52.0274355051125
1791,103.2153222501803
1792,62.36591226907985
1793,57.90376457893711
1794,104.05549615685906
1795,50.72460098607951
1796,128.5959698611121
1797,42.779792661269816
1798,50.615325944955956
1799,55.35798671510691
1800,35.08699465530929
1801,47.84879547298432
1802,53.78484360974622
1803,52.299581221217885
1804,87.70399283401032
1805,43.48514196443935
1806,43.01281220137847
1807,43.01068878596835
1808,34.394477174458544
1809,39.94762605013609
1810,51.98178443196482
1811,31.233404121542485
1812,43.80217150101854
1813,42.758309148494476
1814,40.15912279856337
1815,70.56955350412558
1816,56.2410118210985
1817,57.79252323754133
1818,56.113284986598615
1819,67.12470112629725
1820,26.051943268000542
1821,35.75509383246791
1822,66.84210935961825
1823,34.418905952295034
1824,102.01272031800319
1825,51.219975477817194
1826,70.98614895647435
1827,60.05945924152164
1828,82.61844894380616
1829,16.380938566710554
1830,65.35843451506187
1831,39.772009617573076
1832,64.07243100962636
1833,53.51509177634931
1834,43.15626182103863
1835,41.18773721925982
1836,33.84288986464223
1837,94.48058444621803
1838,56.86179066080958
1839,68.59743570422465
1840,47.4276117955196
1841,35.65018132703702
1842,48.76877824402862
1843,45.21830912355599
1844,64.19679527058591
1845,34.044221312298085
1846,224.9543307079757
1847,29.30375624062717
1848,73.45203519171287
1849,45.42439874459323
1850,42.682527798135034
1851,78.0915923123285
1852,56.44842711748956
1853,83.86330307014077
1854,33.65579873483687
1855,43.9411448065669
1856,40.377985690978605
1857,48.739334405061896
1858,46.630621395515256
1859,74.88665013081722
1860,52.41529805163322
1861,43.42499642724173
1862,31.17874947084165
1863,57.25163275302064
1864,29.21825250227518
1865,39.77689293596966
1866,512.2385988813263
1867,20.543029498987046
1868,59.601439928151244
1869,50.649293826893214
1870,32.384218202758376
1871,71.86824921422664
1872,87.1525753646421
1873,90.78749113954804
1874,67.57081901017465
1875,27.80293615895582
1876,34.99489440884884
1877,88.33353105797553
1878,140.98024809114057
1879,66.72058923477437
1880,45.61002274958061
1881,103.72896866513157
1882,37.555454466357006
1883,35.08691418979647
1884,49.01722325093176
1885,35.718209577812296
1886,66.49278493685478
1887,29.291386036535478
1888,71.75408291330818
1889,42.42629133480665
1890,51.405898769419274
1891,17.915934895818413
1892,61.518212572261326
1893,69.905923777801
1894,114.96378166065772
1895,42.409194727358184
1896,54.15652373806219
1897,47.626498644254994
1898,54.84556162917335
1899,55.01626813758827
1900,31.375042795399914
1901,48.252861982394904
1902,22.651808337266054
1903,21.200562959362045
1904,47.25262423286766
1905,130.41137218466784
1906,93.97576985655051
1907,25.448535014786167
1908,75.22778646552521
1909,25.6180485467197
1910,86.63324365703735
1911,70.54700193173257
1912,94.28073127051141
1913,42.2770844715616
1914,58.885680990878015
1915,52.06761253183261
1916,63.502149005165954
1917,74.91788435281424
1918,38.94654710270243
1919,42.610659154251
1920,37.169710850569075
1921,19.17084035210054
1922,43.890592892015626
1923,94.5940872285985
1924,62.86955317717943
1925,67.48599748587888
1926,19.06271519276563
1927,19.424022159786542
1928,36.365609419833035
1929,42.1823451406518
1930,16.389529462864086
1931,22.162706840097023
1932,37.71759920016129
1933,34.58539108857949
1934,27.836865932178615
1935,64.81756931301538
1936,36.15549883601852
1937,74.7597676681814
1938,43.85375223860604
1939,60.5494986975228
1940,57.00011741856198
1941,50.78240919975226
1942,57.38227558378272
1943,27.538541623373785
1944,65.2039962205665
1945,68.044594427111
1946,41.698014987013764
1947,45.89454504484741
1948,73.5571311481767
1949,72.03375633160064
1950,43.28152829176006
1951,23.492262641421494
1952,87.98719021075664
1953,25.87351229450747
1954,39.11542339236117
1955,14.374731044530945
1956,118.60741612300289
1957,35.61969034270366
1958,315.4369524633404
1959,95.84438542068204
1960,31.909922069188276
1961,52.977038901652065
1962,46.63518263555217
1963,41.05774492983453
1964,137.80965505946557
1965,30.202826898059985
1966,23.56001438381411
1967,67.71546680476155
1968,26.049999141859185
1969,48.800963775858015
1970,44.34602868510759
1971,116.9621696080605
1972,46.247933372598624
1973,29.38838136316976
1974,40.51585227846633
1975,39.09432882153176
1976,30.020762227248085
1977,55.11679634886054
1978,46.65389929682309
1979,60.96912490638337
1980,20.35544868062307
1981,51.27664846415228
1982,31.874448910929672
1983,47.95609512726591
1984,58.74980890186029
1985,53.91216835058246
1986,39.307627367459354
1987,27.830510206201996
1988,40.55107455432114
1989,46.27442747383197
1990,64.75449869527928
1991,52.09677378632658
1992,51.116416943585754
1993,52.180181423228255
1994,35.79125546578473
1995,15.560788772739134
1996,27.2140945018963
1997,19.883389740691133
1998,23.128537504034895
1999,56.69589794513574
2000,47.711047404396666
2001,89.49465490154178
2002,103.25489373697923
2003,94.60457374271381
2004,64.67840880751204
2005,156.69691926497347
2006,95.94286617323506
2007,30.65390695817493
2008,34.3444083719441
2009,59.96017413659563
2010,115.12410041375986
2011,63.82085412675271
2012,57.444893207664194
2013,36.129008340891254
2014,37.86775673579077
2015,54.23134149801131
2016,55.11540564553005
2017,49.02968393895341
2018,48.424801397989256
2019,87.52782575161102
2020,42.2659316523877
2021,69.62648230603699
2022,44.29288866116735
2023,103.51560225760709
2024,79.2390838967689
2025,26.50792663760167
2026,44.7982712233768
2027,52.98731689371702
2028,18.5038968959381
2029,92.73320298947345
2030,63.25729337594864
2031,48.69784069963449
2032,66.95180168385238
2033,189.64905838209572
2034,108.92682351518333
2035,102.82612976646395
2036,385.04642307235815
2037,31.38643819211092
2038,36.26137111518662
2039,25.65779745986039
2040,88.99085064497203
2041,44.88804968492978
2042,38.29435356327446
2043,39.97792482862043
2044,29.30941184729823
2045,33.57938643090524
2046,27.8658078612336
2047,36.07920371036008
2048,45.103038983399706
2049,45.989648291656
2050,62.72083735450254
2051,18.292679957487763
2052,43.864031615660494
2053,8.888876531868775
2054,59.030073523051065
2055,70.00747244468471
2056,50.309947587780066
2057,33.03043273924055
2058,45.48616641744883
2059,40.4043377599521
2060,27.298983897400383
2061,22.973306599002587
2062,68.10020835780526
2063,101.84715761727124
2064,82.93856883119756
2065,25.684430845883067
2066,66.28896431958496
2067,28.16929894161796
2068,47.2437511051545
2069,44.856126619549954
2070,113.92927323117462
2071,45.95535215811518
2072,30.49024428933468
2073,65.67523676320512
2074,26.54777623801009
2075,48.08141164380219
2076,76.33946048710543
2077,12.483094907209473
2078,52.6640674212145
2079,21.46828783738392
2080,35.963117705579606
2081,41.060673632928435
2082,20.390072883812113
2083,89.6676847974942
2084,142.8465709237657
2085,18.541737450606757
2086,69.17826463836077
2087,65.5493365228187
2088,29.863180648675176
2089,75.27911172523041
2090,35.75717019350083
2091,15.970654840150216
2092,31.329839653499047
2093,19.485095751541152
2094,17.73540684904772
2095,54.39934782474798
2096,10.872459787505594
2097,19.84690557514326
2098,21.833593147580444
2099,32.615051131113006
2100,113.02836314586436
2101,31.916275580529785
2102,30.73113341331415
2103,116.3025122229428
2104,17.685272257817047
2105,29.84189542527918
2106,68.97575767269397
2107,37.749677242419956
2108,26.693287379268245
2109,33.00141342572979
2110,32.27641599036252
2111,41.61597600056224
2112,25.905529493980428
2113,54.81645084856141
2114,44.33774545639896
2115,49.6601540736038
2116,82.71429357263703
2117,23.834869779203142
2118,15.03790552654441
2119,44.54607296978354
2120,9.366368709495653
2121,59.79669885416669
2122,55.50812623935158
2123,56.52536444797286
2124,32.31444516859901
2125,84.33126449728202
2126,12.238353101469652
2127,43.64988589477831
2128,67.31001063931761
2129,50.67346992288912
2130,41.21272455973659
2131,72.92460292227989
2132,41.441765196636815
2133,63.15433016041043
2134,21.372727400464584
2135,55.04014345265951
2136,50.66198049588476
2137,36.27102804497482
2138,67.49449854745261
2139,38.39378672328927
2140,60.05969984157027
2141,45.85244128847713
2142,54.0219808050848
2143,43.43887094564601
2144,46.92811721511058
2145,54.83407239162358
2146,45.133391582677696
2147,69.3706322132251
2148,63.132364232248925
2149,29.73851688220057
2150,67.8911259696056
2151,58.11299344884921
2152,44.7285802243884
2153,68.37452914236671
2154,13.643609613733187
2155,34.23966736054341
2156,56.633310771702924
2157,10.148442103908103
2158,60.409344121055234
2159,9.84284132280842
2160,142.18646651150544
2161,31.290152751731977
2162,28.144228889267332
2163,10.098600779271862
2164,76.02844974587687
2165,24.318076191646707
2166,17.620553280458125
2167,94.23242883747274
2168,14.701096508743689
2169,48.6749262054626
2170,42.39161784448842
2171,55.55126010218593
2172,14.066166575697592
2173,86.25234626794669
2174,24.046731386621115
2175,30.755224641476815
2176,15.119472650487703
2177,84.98353500164801
2178,90.79960045285686
2179,26.83910250436893
2180,34.38368886807172
2181,68.40053179105449
2182,50.277886306711125
2183,107.87404459809257
2184,127.23697126857068
2185,109.11708415399202
2186,90.66161540491112
2187,34.394057301439396
2188,68.93078813469118
2189,79.80573142064739
2190,60.1922761884521
2191,37.362234480684016
2192,82.26867904941328
2193,26.977890233060144
2194,59.62163187303017
2195,61.83446729545107
2196,22.281875250390552
2197,52.79693170588802
2198,38.380825853705154
2199,65.50680619039697
2200,47.90372720071465
2201,41.571447103434714
2202,89.96274729386579
2203,24.404059138148313
2204,42.914737329065396
2205,26.675019239960996
2206,60.007422827668336
2207,126.16961469689133
2208,66.32410878815209
2209,69.03263433000924
2210,24.24121433672412
2211,25.31349364511835
2212,49.86150650079407
2213,44.72838840253991
2214,64.41847944272135
2215,38.63979945223759
2216,41.76130301129678
2217,24.77978525803775
2218,40.208383432792566
2219,37.97451675297097
2220,63.852774033177276
2221,48.03343114279353
2222,47.2994806070365
2223,43.886355475973645
2224,50.221264863506654
2225,58.315144778109875
2226,27.908602246949815
2227,23.09379191136914
2228,27.476138795691934
2229,35.02448928313837
2230,54.749937038029856
2231,129.60653990776188
2232,86.42491461377756
2233,142.95432694251767
2234,17.260904345766914
2235,29.036137921436953
2236,50.47356311674727
2237,28.258382852962452
2238,44.50644534106159
2239,51.366823217924534
2240,64.50518145546263
2241,44.27730397943564
2242,75.80325323642904
2243,103.64359593941867
2244,42.03955393145785
2245,78.29198867790282
2246,29.277311790555604
2247,41.98779627496183
2248,62.949184852609704
2249,31.23991688417742
2250,114.4111440518833
2251,38.181417346546766
2252,48.502022295632436
2253,27.26326574261766
2254,158.42939071320004
2255,49.4044885901001
2256,27.66085159020148
2257,50.572152486376105
2258,30.679210738144096
2259,79.60703808467537
2260,68.04838208770309
2261,69.38965342504586
2262,53.563192902964275
2263,27.04743017302205
2264,59.90549983386686
2265,66.42602571871225
2266,48.11789157875642
2267,20.861928648417255
2268,38.41839555286582
2269,32.082070776814064
2270,57.91991353509458
2271,61.74959160666772
2272,44.61652391655255
2273,53.33830050046265
2274,74.73347838004292
2275,33.251306745268344
2276,50.075678432235456
2277,40.63579483121784
2278,18.011668926632833
2279,39.147451686985065
2280,28.013016479955105
2281,49.664927245984074
2282,80.38773763580232
2283,20.27888816031599
2284,46.58108143168053
2285,52.91219790600964
2286,36.39589902345577
2287,22.79653644802015
2288,46.528715439988474
2289,35.10058239280686
2290,57.5930834337507
2291,48.18210277495698
2292,56.515570975274514
2293,56.45483778999888
2294,83.62918126592933
2295,29.292479142494194
2296,53.27643663095895
2297,55.883354041557894
2298,35.843961374940385
2299,27.899364316058243
2300,49.22449031681922
2301,28.137933517596466
2302,31.818280505904315
2303,37.088270379450464
2304,42.3583728965162
2305,31.3698416260596
2306,32.186319594813504
2307,45.682157956801454
2308,34.691489649241824
2309,89.5441038674623
2310,40.80895400379209
2311,253.82499224842093
2312,41.37420749243583
2313,28.472887877216984
2314,41.06724387486001
2315,51.49724418558443
2316,106.63628640473674
2317,48.270940907469644
2318,102.27648275078569
2319,44.6917530182869
2320,57.75392165575989
2321,33.35266816388086
2322,116.20400317485505
2323,59.52268756757384
2324,40.64746585460448
2325,197.48509714231884
2326,42.34416995997122
2327,37.21905704408695
2328,8.462197532400907
2329,86.77988323938425
2330,1.9114105116969433
2331,55.14306600468009
2332,34.89459243774079
2333,38.69294409766369
2334,40.65088425646767
2335,42.378553521422376
2336,39.98933077829629
2337,35.58772681412717
2338,140.13569533868014
2339,29.882794892839613
2340,22.846726789508452
2341,59.83608082771016
2342,27.156278511053905
2343,38.117464576819906
2344,28.31394722084046
2345,53.5437202822106
2346,49.5568057023198
2347,73.97348089016523
2348,85.13282032300702
2349,22.079545701552274
2350,63.28993640488851
2351,35.916359339800685
2352,55.20627882832746
2353,48.87234429611179
2354,46.143585272120525
2355,55.67534043392422
2356,44.73094953717092
2357,45.76712897695612
2358,17.586564353542958
2359,35.08832770321661
2360,37.40283123909903
2361,58.453554398998385
2362,63.71209020582087
2363,22.95835168751487
2364,104.75314468306954
2365,51.18595787948323
2366,26.98001905653519
2367,54.76105401569555
2368,55.40735930733053
2369,59.3056368016718
2370,96.71360379201235
2371,22.29730347341587
2372,35.41029777655567
2373,52.00747201093637
2374,41.2417722762417
2375,33.355263226798996
2376,26.586288995387253
2377,109.45669230711955
2378,29.168126932459753
2379,41.05479540290889
2380,50.776871526741175
2381,123.23675296015274
2382,78.7871710676276
2383,99.75905709717522
2384,34.92166112144738
2385,36.23024264007213
2386,38.830171744615306
2387,64.21507608249456
2388,41.32548736170683
2389,113.50921458663929
2390,145.60914013477924
2391,112.65243079900088
2392,34.911788918484085
2393,27.18987794036837
2394,214.9873125539741
2395,36.18216531641094
2396,46.40489638586665
2397,141.64119024088606
2398,60.00817082130748
2399,69.58305845941304
2400,66.78540510357485
2401,70.15022388330738
2402,50.49163676942147
2403,36.92365276574099
2404,21.76395904716178
2405,42.458690996410205
2406,27.98883980183142
2407,39.88044528408582
2408,39.96990534127498
2409,49.34435521945674
2410,75.86851298462373
2411,22.004868232645954
2412,50.59613001207099
2413,179.38187023797565
2414,42.11252638030313
2415,32.02554235903818
2416,49.44990836876566
2417,26.853482306582244
2418,43.689950286446106
2419,53.74864893733436
2420,22.751594902917795
2421,28.487871569160983
2422,57.48748331668686
2423,32.045239442793196
2424,41.18611259763862
2425,54.399641587350345
2426,52.301621021162795
2427,39.336689522124956
2428,44.22646874157559
2429,56.186937538214686
2430,110.61287899591949
2431,90.88507401171643
2432,146.2444748320754
2433,104.12863157194842
2434,42.17223380865186
2435,88.21510489445065
2436,49.92062022243291
2437,74.96832909125592
2438,79.54788787034133
2439,38.902830464834025
2440,41.67936322801215
2441,39.49716194546299
2442,66.59342178953139
2443,87.36700240954218
2444,103.30941805326394
2445,45.473552821535115
2446,64.0154044162714
2447,43.057674080139755
2448,52.73214155384863
2449,50.49708021559722
2450,44.20275337041492
2451,62.30121565696326
2452,46.900659375738314
2453,49.865360646329535
2454,91.3802729736765
2455,36.29993966148848
2456,119.06841887468326
2457,54.59078389149412
2458,39.91167808624161
2459,68.74858457754796
2460,35.73556500095511
2461,68.90565576232528
2462,40.271828029195746
2463,37.686438430418285
2464,18.76876764521286
2465,36.22364364766245
2466,36.46457183634753
2467,35.578594706906465
2468,78.95560139261916
2469,51.77421798026109
2470,68.12668623417302
2471,64.16739800693452
2472,61.51445706341411
2473,45.733862651465984
2474,80.84837606697013
2475,60.237611317400415
2476,48.597504529253364
2477,35.94965482422137
2478,35.87947100960565
2479,55.44066711136725
2480,56.899257350741244
2481,33.417273441135606
2482,58.79122601041845
2483,80.36830677663602
2484,52.86172369688226
2485,34.959109467358424
2486,37.90290874718479
2487,54.68448186726459
2488,34.89351382099678
2489,33.7854402574319
2490,67.80801165190691
2491,24.864305004600855
2492,57.84169117919749
2493,127.65332757719621
2494,48.157139498041936
2495,40.254915503802394
2496,63.31674221878267
2497,34.213766255143696
2498,18.405370220909987
2499,35.95540787695758
2500,28.219702678266444
2501,83.99093958752768
2502,26.915613574527576
2503,225.22009359058902
2504,105.74852901293433
2505,62.177209567189834
2506,66.07885318738712
2507,23.863410135597533
2508,15.004538489690248
2509,48.32532760090942
2510,40.39659127685732
2511,36.0886635872799
2512,18.277754441085957
2513,34.47821055650877
2514,43.8881437860497
2515,30.70079046463857
2516,30.91405224500396
2517,90.20955189708225
2518,29.82405566857811
2519,38.396251415930095
2520,28.66768814715177
2521,103.2563814014749
2522,74.78971729362026
2523,85.47231285813461
2524,89.17669947295848
2525,38.97252939557745
2526,22.116630293579348
2527,49.677294768839275
2528,55.51946765159559
2529,77.80785642021672
2530,34.808810360186975
2531,11.690621001427242
2532,30.83802000196567
2533,88.4689831477102
2534,35.359266040693996
2535,61.091299409134116
2536,26.802935047950772
2537,37.22608519108655
2538,37.604374913416635
2539,61.283994248983234
2540,41.369441307807904
2541,113.91335256732161
2542,38.857401872452016
2543,72.07742868649098
2544,12.887842729051322
2545,87.75435040819067
2546,70.16858065765264
2547,54.33142934154198
2548,64.11929472056983
2549,36.042733833421835
2550,64.11597308109073
2551,44.843145143067424
2552,17.911877210630045
2553,47.93860159715137
2554,63.65542301824272
2555,41.68334606501957
2556,82.01030234669469
2557,63.20421371853339
2558,100.46028999967933
2559,43.64448261048743
2560,53.24489207125858
2561,46.963119336000524
2562,45.51857914395417
2563,33.83950800058732
2564,14.23963783027924
2565,54.064088275190954
2566,42.79610606762374
2567,31.413253913195426
2568,40.08515763540588
2569,58.27836581125672
2570,26.5633765178735
2571,49.02233049692049
2572,144.34296588427003
2573,55.58051555947463
2574,37.69326978151229
2575,66.22536202006766
2576,61.357865911337136
2577,61.381318289207634
2578,32.433080471507054
2579,39.43190355331472
2580,30.66921758835458
2581,72.66904061475533
2582,42.30354013878754
2583,41.6549342741051
2584,64.23433337454908
2585,63.53711468751741
2586,10.23958835419748
2587,68.21090056698918
2588,13.410216176151975
2589,42.58677992623311
2590,17.263884384541015
2591,96.78036640921435
2592,97.36900940784436
2593,63.445663781803916
2594,44.87330888796881
2595,34.13833406729112
2596,30.954369337031185
2597,48.39228745818621
2598,58.02474738566772
2599,54.94110494636306
2600,37.47513390486732
2601,44.24694190710278
2602,26.484201951829608
2603,127.73354081464453
2604,42.74895202531262
2605,35.302447979855614
2606,68.015036754938
2607,52.20890348999292
2608,89.81162725221483
2609,18.550100776184294
2610,84.62690452163035
2611,38.79937063480788
2612,45.74625851395792
2613,47.10854107622232
2614,52.670229753763714
2615,48.39865516432194
2616,47.47165605999604
2617,58.30817964110236
2618,54.167250199219986
2619,53.811108512352135
2620,77.57571983963025
2621,39.04195917101946
2622,31.397054510720142
2623,46.7563516761556
2624,57.7762073871453
2625,51.752705158272256
2626,53.145061765473066
2627,22.53629796105344
2628,40.50739660017882
2629,24.514435506090138
2630,34.42939871717622
2631,32.97628746455106
2632,60.16081908574484
2633,52.48716908248973
2634,49.07344867255436
2635,54.33568425706619
2636,54.62301283545629
2637,62.65363868164517
2638,61.02248295408589
2639,73.05750405741678
2640,113.38928128170487
2641,29.851264016465375
2642,76.27686762694654
2643,61.19680763657391
2644,50.78912997870766
2645,83.8977814098894
2646,21.300812582745127
2647,23.770632872815757
2648,43.75646635146694
2649,67.30556276426273
2650,87.96850141679774
2651,44.45168842999851
2652,47.484731873867155
2653,41.020871440690875
2654,60.55068642840663
2655,23.712264266540025
2656,29.58114563688091
2657,20.942149576812255
2658,45.72105473967457
2659,43.3398982813376
2660,33.737736877236685
2661,47.556533471822895
2662,62.47849706163831
2663,66.82323757901868
2664,71.12720537277987
2665,102.11571721410465
2666,39.44351584094574
2667,111.29004701287612
2668,62.95500824595647
2669,94.6609071853265
2670,10.581982132555773
2671,40.114918669742515
2672,36.34286744612757
2673,32.43940792359317
2674,64.76591842234993
2675,18.65185401399972
2676,28.0794699647886
2677,32.629268602894825
2678,52.40164468982115
2679,39.38758355600017
2680,23.545180085000165
2681,60.66296593342922
2682,42.757407373214654
2683,24.491441457094233
2684,30.954319173715756
2685,52.58667850824772
2686,35.7413060365065
2687,70.79600533221388
2688,118.29852944428293
2689,36.26938625661358
2690,28.174274260002612
2691,110.34531345439456
2692,69.10724740297499
2693,8.465670389508542
2694,57.877347236246386
2695,55.6574799958675
2696,43.878319530100555
2697,58.127875046447215
2698,68.36821615625739
2699,45.593687065439696
2700,45.023517346122745
2701,21.003790436485822
2702,28.254154508040322
2703,29.42030087171701
2704,53.11609392528173
2705,34.84547160112942
2706,51.135903533159485
2707,148.63705276260254
2708,39.82733071741184
2709,60.598247461639424
2710,44.52645869738444
2711,39.219320054519656
2712,23.185425690853496
2713,27.552112723731028
2714,64.7807577204894
2715,8.505660863743868
2716,29.232333266138635
2717,15.1361902335205
2718,30.646335871113635
2719,48.410272649322295
2720,30.93641918593369
2721,29.44667824743755
2722,37.86051780560588
2723,61.25001570031382
2724,56.713024451092046
2725,44.72893786664457
2726,44.997902239411296
2727,36.629085228817345
2728,41.141417760874646
2729,32.268878471079276
2730,27.986573020536582
2731,55.50939389389564
2732,44.10147634409228
2733,157.08338929179158
2734,23.93958080130341
2735,42.49033037178036
2736,20.27297751191285
2737,46.6173336805159
2738,42.88842988737217
2739,32.00523575865635
2740,64.12011294145809
2741,25.860727130017143
2742,24.65095084255838
2743,64.21086951812157
2744,50.29772557291906
2745,40.34954882713449
2746,25.209366563008565
2747,46.37021959375857
2748,21.662726731551803
2749,76.13934333804836
2750,65.86757581975478
2751,42.41981820687871
2752,56.885509357831175
2753,32.64924598543927
2754,58.13296552749485
2755,64.1681912053963
2756,59.189377861254
2757,76.5549138025134
2758,62.376798229800194
2759,38.0957655666308
2760,78.56021711095643
2761,58.98771256463195
2762,63.50878604564021
2763,30.801126510131468
2764,31.256696555268427
2765,36.91277605643962
2766,108.67555541536666
2767,62.70906943136369
2768,61.22341607588811
2769,39.928576121680074
2770,6.289979013062751
2771,32.80566148285685
2772,76.94245142341325
2773,44.43659887217768
2774,48.0795198364995
2775,89.24578806657212
2776,37.925507782209166
2777,56.075497813573634
2778,66.88923290759087
2779,85.19447971273766
2780,14.72925185578008
2781,142.64433671820768
2782,103.83849800180208
2783,45.4327837626986
2784,21.976721210415185
2785,64.2210734587679
2786,18.38158220392772
2787,1.809319841179847
2788,48.41241848526726
2789,34.9397188526006
2790,32.312112513381074
2791,76.03186955360255
2792,96.55808308445228
2793,65.40861753808363
2794,21.101735409299142
2795,25.27570492661579
2796,37.17681823174317
2797,50.02625911652718
2798,62.43771994468796
2799,60.57318909630534
2800,40.32508102649577
2801,25.305953461683348
2802,61.101869770480704
2803,47.5349752035333
2804,61.54666577800117
2805,30.544570740389013
2806,33.02371651410513
2807,39.98233570549707
2808,50.47260815397236
2809,79.87304190213472
2810,97.85099354829337
2811,65.71160800936318
2812,39.37088734960435
2813,68.471970860572
2814,66.80285956916755
2815,24.105906385918203
2816,42.676121086067276
2817,10.140784094155773
2818,47.33443415033429
2819,114.31769417917715
2820,69.5365252267569
2821,29.990128283907882
2822,91.43200218234124
2823,56.81808310876694
2824,95.86683792030706
2825,141.22482928887308
2826,116.79687649461073
2827,62.858003317124535
2828,33.1543205007749
2829,38.07812366008417
2830,13.516322115832775
2831,114.06728031895761
2832,45.4372391702643
2833,51.12249607278355
2834,24.007867377790294
2835,55.69099263002747
2836,108.94150071208408
2837,43.70878666758058
2838,33.938073459196914
2839,139.2581976755431
2840,57.53093091466518
2841,51.33098161923579
2842,39.70346787483858
2843,17.03684162927237
2844,33.46102557450785
2845,42.99628245575567
2846,44.151879499588205
2847,75.54496234219597
2848,54.298115189138024
2849,49.04303313412464
2850,59.24881120515502
2851,48.97449887290215
2852,76.38839438022968
2853,70.14777144024805
2854,65.64919388795819
2855,45.428167291380056
2856,15.49259046671492
2857,49.978684872400386
2858,38.541631521170395
2859,47.68623375656341
2860,33.32246934782062
2861,55.27683240643092
2862,26.389659913275487
2863,52.20827287582059
2864,40.95376642986428
2865,95.80542257530699
2866,46.98715114429499
2867,66.12925170895011
2868,44.79838349949605
2869,64.17751333430638
2870,41.90396619550125
2871,41.91898719185273
2872,46.250283891412195
2873,48.31628145386927
2874,44.21972463638213
2875,35.719304219615324
2876,30.6730794083535
2877,60.857106589698084
2878,44.77984145482228
2879,15.991638691132083
2880,34.60602848272538
2881,20.627346439657313
2882,105.5654744836426
2883,55.80531129765774
2884,18.010961502400345
2885,52.066710931908084
2886,117.50792937600316
2887,48.5479285725534
2888,43.10518110649788
2889,60.804124090471376
2890,45.51612966600601
2891,32.06106439366425
2892,30.238515820683705
2893,30.287975673549507
2894,31.48485207357812
2895,14.881247665315737
2896,46.45174456960301
2897,46.03009699448628
2898,55.36243599853864
2899,55.88387110932956
2900,62.133037035389094
2901,80.14959461868685
2902,22.49563233059188
2903,96.15787290213527
2904,45.83129341090683
2905,66.01034128656934
2906,32.541601543008454
2907,17.773169923918484
2908,29.72547428102939
2909,15.490998817203272
2910,32.450877766033486
2911,47.760994803426236
2912,58.50397168881829
2913,64.86048547851767
2914,63.30511166363221
2915,37.941737795805814
2916,54.485907711799804
2917,56.56070037780015
2918,51.8501843932963
2919,47.82484244304463
2920,21.250323339080083
2921,23.500052373836443
2922,47.118227837385525
2923,70.78523929886609
2924,43.67803715901957
2925,46.98889549727319
2926,42.55827325512363
2927,46.34538291794848
2928,39.074405599826704
2929,47.3409666825992
2930,25.400938755530447
2931,25.99877557850341
2932,59.12885812462884
2933,79.78103503523334
2934,21.372939332359728
2935,87.40825558375678
2936,8.836947072271323
2937,33.98781054522199
2938,21.669939158320403
2939,69.15780621641876
2940,78.13525109234962
2941,64.63642352844076
2942,22.67237919716087
2943,17.453961877383033
2944,89.55421347110828
2945,17.761306820296173
2946,73.22053817350968
2947,54.22915661020061
2948,34.703220260601555
2949,47.120988118452274
2950,43.988671861856396
2951,58.68974612049981
2952,61.58618468711376
2953,87.4757492488397
2954,27.883916511067003
2955,46.29286507396912
2956,32.68952808628312
2957,85.80422152587057
2958,72.51510442087854
2959,114.38546224639917
2960,82.03809114231987
2961,44.047343623497376
2962,58.51962583641352
2963,28.18717478111548
2964,87.88279886461993
2965,60.59558901551144
2966,25.619612818105214
2967,76.35153365016625
2968,35.97523271032698
2969,44.39430905925847
2970,53.67868199287614
2971,17.36457262607751
2972,42.896690565824336
2973,34.98649536242432
2974,39.82773902621257
2975,20.6172003782437
2976,27.59846199197786
2977,43.34977751690434
2978,45.812112778737294
2979,53.24566260030769
2980,42.723872773683745
2981,32.68310730478693
2982,18.77896283107222
2983,43.26815180830105
2984,44.91342845296133
2985,28.105979766939495
2986,90.16899058273647
2987,32.22735913522109
2988,52.59042002106158
2989,54.64719989935447
2990,75.76588158214331
2991,31.72106142456127
2992,39.216926802405425
2993,62.10796927356982
2994,25.463296814883236
2995,44.18130833884131
2996,33.35583560910249
2997,41.22759147973367
2998,50.163886139316354
2999,39.1319810664472
3000,54.01722984297029
3001,72.17882499018143
3002,47.2170861143463
3003,62.88965431864392
3004,53.120682983280844
3005,31.483871739957678
3006,37.52993300773944
3007,82.14950484403911
3008,51.33223910528751
3009,56.311432460640376
3010,32.8316160018779
3011,45.29089000718045
3012,29.52437234221891
3013,36.53514033485975
3014,46.74898131994115
3015,14.905235165133394
3016,50.8625758728428
3017,36.478403781356754
3018,29.259893675873382
3019,97.97405898253139
3020,43.29321812318069
3021,132.87361972160903
3022,74.33245994970363
3023,135.48533689027443
3024,16.74849946312384
3025,23.587612811278117
3026,87.94271540625668
3027,51.20603494434281
3028,45.71446002552735
3029,116.66868506554799
3030,67.3654769621543
3031,29.343837828706175
3032,59.670835532437565
3033,85.63448015877503
3034,62.05836351050777
3035,86.57407952364358
3036,59.053348082546066
3037,137.548727915284
3038,113.37081746993478
3039,33.1366054484906
3040,27.516811906294457
3041,39.29382422305804
3042,46.8514720649656
3043,79.16480203411244
3044,34.53032053220711
3045,54.49833314484767
3046,43.51093788460303
3047,39.11780380895089
3048,30.995971530768696
3049,68.22596391757533
3050,36.35123910011351
3051,94.69719944217361
3052,88.7749565938195
3053,7.984755769411007
3054,47.18980164817159
3055,64.1715549132921
3056,26.41997789307
3057,73.86031902996783
3058,40.11283478777567
3059,56.299222721347654
3060,79.46875004315518
3061,88.30986448937684
3062,248.10473424202422
3063,81.70892554706147
3064,28.73180568498475
3065,88.51129191253426
3066,23.51668562056062
3067,8.652444681617666
3068,10.689850902346194
3069,13.301708367700112
3070,37.587123499253345
3071,81.52729380116354
3072,60.046657351147566
3073,236.08751258182045
3074,117.71349584374963
3075,37.97725242453161
3076,89.51707371843945
3077,26.433018673813812
3078,44.79091383630785
3079,54.16773410148249
3080,37.2760796994982
3081,61.15810045899
3082,42.17629353123619
3083,23.920287681524346
3084,126.01698704293283
3085,70.65032696301238
3086,9.101133226844293
3087,72.9585067918806
3088,34.32695612316604
3089,45.19296384454316
3090,138.2624592754177
3091,16.319249117191738
3092,46.82880294937038
3093,131.40087800764573
3094,23.129063321508315
3095,46.43260274255372
3096,54.49742431960081
3097,43.68240712004992
3098,41.809281945034755
3099,33.191302454944235
3100,25.727441240000385
3101,33.310509591339894
3102,69.95652290599962
3103,28.91060574039357
3104,34.06594143983304
3105,61.10046576492117
3106,27.782281642917226
3107,98.60514995247094
3108,38.820300578550224
3109,59.965448118813875
3110,39.80025147026439
3111,49.59092002569512
3112,73.89503052818189
3113,67.4671417841481
3114,56.93923639499115
3115,79.96245915515445
3116,28.23703061082944
3117,129.65654043440233
3118,63.59424119447377
3119,36.58713877685192
3120,45.742322972496304
3121,42.76018147873633
3122,82.55371930410038
3123,42.21817692109253
3124,30.56490875346012
3125,10.014498476252594
3126,79.8050234466275
3127,40.82148044042987
3128,87.80203868743621
3129,49.54633705971716
3130,33.160048107903904
3131,39.39606792978444
3132,56.757685654509885
3133,30.822840578888957
3134,39.572057606886695
3135,76.97311560234814
3136,76.88336987633376
3137,36.17389288837057
3138,28.428418310637493
3139,37.88173315104031
3140,42.86236177965064
3141,67.66528588426691
3142,35.06993531307596
3143,32.61918567948663
3144,32.963302549614696
3145,48.901863686855336
3146,31.41526690761602
3147,60.26509085045461
3148,43.0693119555297
3149,91.78635848046673
3150,96.82402367321095
3151,35.103721516302045
3152,41.910146816333935
3153,18.575057661006056
3154,6.672050766955472
3155,43.69414951124549
3156,31.06320078681708
3157,32.20837786160342
3158,68.63808506200358
3159,44.18328598319202
3160,43.22542700888552
3161,43.03232736432811
3162,43.632092709792445
3163,77.657867962745
3164,32.46278693962916
3165,54.684543393934824
3166,46.82789220207289
3167,94.7189004613797
3168,49.46783303052623
3169,30.292443390958866
3170,58.63873586193511
3171,57.780754268909156
3172,57.43812338613877
3173,46.446825511931614
3174,38.78948783826975
3175,41.008492014492745
3176,34.776502180089196
3177,48.72953385053866
3178,50.29701083197964
3179,61.06827681670436
3180,48.70639398594216
3181,36.03894048093434
3182,65.04991489548044
3183,22.497470706211868
3184,92.25697737706338
3185,52.39947569085462
3186,14.471352894458493
3187,42.697411513959324
3188,54.269237042821146
3189,18.213223032145397
3190,24.36100415748264
3191,48.26572735025274
3192,41.09529031575575
3193,105.79980099880545
3194,31.373065110575094
3195,18.17270357208985
3196,12.168368449374587
3197,37.90047249823364
3198,64.30890570707456
3199,46.27065153686306
3200,32.02256970184232
3201,96.03035859204232
3202,38.89417007813722
3203,36.47059350490608
3204,32.94335231154696
3205,54.21792862153137
3206,127.11853826367964
3207,53.845112857737895
3208,54.64449552737083
3209,46.174366026358165
3210,28.413974027314683
3211,66.30430696735809
3212,92.21510330363351
3213,36.2990070059357
3214,46.18190172486772
3215,153.3024859525386
3216,36.028024245144536
3217,50.78378549312385
3218,43.2182133628687
3219,39.464847680035746
3220,37.251952200984135
3221,9.449062337469494
3222,32.738162356712
3223,47.532744239422335
3224,46.611753234378725
3225,54.571673756010796
3226,24.362595266619262
3227,60.10781323172238
3228,102.45134361047704
3229,27.461963861798317
3230,29.277476299565997
3231,37.840933114109596
3232,38.70983290328988
3233,32.60931640019052
3234,63.14410261782565
3235,16.95610567297904
3236,34.945068402835204
3237,15.1001668088331
3238,59.20315199021806
3239,56.10603506006827
3240,48.383251424832196
3241,52.87049387695263
3242,77.6931672962897
3243,76.08406798800915
3244,50.74348210793385
3245,57.0397368271179
3246,45.01361980468119
3247,32.80961128914965
3248,31.03998416541474
3249,33.36315430848193
3250,34.175619494688554
3251,73.56889443327813
3252,44.38512615289252
3253,50.66870717596326
3254,38.40034380205284
3255,37.583977785253495
3256,29.904710600091487
3257,49.21018421356335
3258,16.367751653072833
3259,25.61081060997233
3260,42.03277780490013
3261,34.07724076010775
3262,34.773725756248986
3263,12.614608573783185
3264,51.84166268927772
3265,35.30750786888827
3266,32.393029481774406
3267,46.5121802653656
3268,56.40595430767104
3269,51.32273087509598
3270,15.95723981899555
3271,52.47513434052232
3272,28.608712508637467
3273,31.69183261673282
3274,76.01403608221851
3275,77.20320850138425
3276,66.44813215325885
3277,43.46596193226694
3278,29.034135970893868
3279,40.150118246186956
3280,39.093777229111964
3281,24.337601312984166
3282,29.056348626705393
3283,45.60257484523233
3284,41.83968277174214
3285,61.22387647554696
3286,56.444309270287036
3287,32.43053283684064
3288,72.3618473021875
3289,61.91654293543176
3290,23.904314180005922
3291,35.49165983422231
3292,87.18385331894333
3293,35.55414246022178
3294,29.66406645275164
3295,58.218976566136
3296,39.54905230877328
3297,47.9050987703745
3298,66.30294284423486
3299,66.11264111735339
3300,0.4407785509791027
3301,42.24904217318281
3302,61.704342192131186
3303,64.82947409959738
3304,38.36965749991428
3305,66.41138245685377
3306,80.59184501674004
3307,23.123485393095095
3308,73.57725164389299
3309,9.246944265027436
3310,30.957468677987073
3311,35.357536278046624
3312,59.655821892687456
3313,98.7418615980176
3314,65.19480345991914
3315,23.236543731069908
3316,56.5960212675822
3317,51.5069464582329
3318,101.27952718175641
3319,42.32079909996855
3320,82.0499601138771
3321,24.738963768636424
3322,54.77571385084511
3323,76.92057913882698
3324,37.12573898054996
3325,49.933690516416746
3326,67.88964487870693
3327,94.12054439493359
3328,72.60721837989662
3329,29.375562678222007
3330,37.25203784866632
3331,45.84776601405952
3332,22.311660216716977
3333,63.280421267070125
3334,46.68717676073283
3335,82.60418568930903
3336,34.6368903554849
3337,89.10218173633349
3338,87.78580753137544
3339,44.07737047938488
3340,28.07768611846817
3341,59.715527243057885
3342,47.22275198935431
3343,26.253581756300523
3344,28.765818198477024
3345,37.3331056833515
3346,2.171887667921807
3347,42.7298142010563
3348,104.60069071872415
3349,23.76993729333195
3350,13.845732270170673
3351,19.55471753781245
3352,19.359994653121255
3353,69.18267408152602
3354,77.5079429296951
3355,60.50796123014704
3356,33.81358296795324
3357,53.003786348116265
3358,48.050684633570164
3359,41.490868474262065
3360,35.14791702524158
3361,56.28688077381815
3362,36.72127010677255
3363,71.8791782574827
3364,43.646326671019146
3365,33.60875480410771
3366,50.95709477306886
3367,78.42147244969964
3368,83.06798287603365
3369,71.34191385762723
3370,58.170620142867726
3371,60.984794110223895
3372,26.555438847403693
3373,37.32965163186562
3374,56.928654798205336
3375,12.113595589803262
3376,34.00719243613198
3377,114.59400084044721
3378,55.3052279956539
3379,10.5455273659182
3380,75.63080668921631
3381,42.230282440011855
3382,43.66905688484621
3383,78.52309426898422
3384,59.532332319722514
3385,10.917353176717231
3386,80.80482494105107
3387,38.5985243197284
3388,71.51317130426476
3389,72.27307154124868
3390,61.191088892673896
3391,49.50368412809243
3392,68.8431623245121
3393,37.10279150491317
3394,35.887369632471135
3395,61.90951100747805
3396,67.20208448901768
3397,29.29695904903397
3398,110.5996825144009
3399,56.722878786597924
3400,17.483922341423327
3401,99.5422580970785
3402,20.701976790904045
3403,96.7855061189813
3404,33.79187606381251
3405,36.40413482283698
3406,8.525689389693225
3407,55.06553004831354
3408,65.96983050702292
3409,73.77163195072832
3410,77.43768515752696
3411,74.66127492739847
3412,66.79765374989661
3413,53.04840781578199
3414,41.01554911084431
3415,64.10027409728202
3416,52.769508634662905
3417,21.77724188408108
3418,38.733300248972654
3419,52.96662639505358
3420,29.214710003013064
3421,47.841174628318335
3422,52.37158006731325
3423,46.60297437732656
3424,59.74842820999413
3425,56.66872738103207
3426,30.957363425664095
3427,21.41609554622611
3428,32.32974171514023
3429,57.7418736158755
3430,46.2891688053388
3431,22.552208359800332
3432,34.212748184030836
3433,48.24973371175713
3434,68.77664746659909
3435,58.31049323873173
3436,98.69804506293778
3437,40.151628195003624
3438,62.26864804044316
3439,49.500275631667
3440,59.19506691809113
3441,33.1694772198619
3442,136.24922970476936
3443,52.093298097057
3444,58.8683153367401
3445,37.892564779444925
3446,81.10149046645085
3447,78.82693553844372
3448,25.40660895305412
3449,57.83212331069007
3450,32.498070570574264
3451,45.49316367216596
3452,69.41203555019106
3453,66.70513787061218
3454,53.122482116173025
3455,61.583926198296254
3456,43.70390576421101
3457,18.54647748307898
3458,44.1037082201737
3459,55.78808732047041
3460,35.99000755793929
3461,64.2899988972639
3462,31.909142381009058
3463,58.002250469326164
3464,44.58091113468393
3465,27.92589012907433
3466,38.34752557306587
3467,49.577413944039634
3468,46.32447360708112
3469,47.984544302274756
3470,95.85040142956699
3471,36.123779465225404
3472,57.97539710707656
3473,27.81191768590979
3474,46.27502640968472
3475,30.50085571866364
3476,38.97161005020069
3477,45.290846104023295
3478,37.88041907610254
3479,28.83833738791746
3480,116.84177348167422
3481,34.60393045412997
3482,40.31123377554882
3483,59.63886826070101
3484,64.01758075295994
3485,77.34278958417873
3486,28.784475839871188
3487,38.318049110962804
3488,26.245612722661203
3489,40.51320053175271
3490,7.786778134679193
3491,55.40956399337045
3492,13.913667222081068
3493,38.06496418273264
3494,65.45574825870571
3495,35.03747657271869
3496,30.95137845088022
3497,41.23179942717885
3498,60.691862763475235
3499,32.45809374492425
3500,53.1153843155548
3501,43.45534767069897
3502,62.63998433366716
3503,40.38010525691418
3504,51.345938349128424
3505,66.68139536749045
3506,26.174676504676615
3507,69.05579960380615
3508,44.74284755778965
3509,38.701677081413756
3510,38.63566469318193
3511,39.15949087329641
3512,71.30683968814462
3513,31.80714473256141
3514,78.89698603905707
3515,69.10596437607576
3516,30.19983805725732
3517,66.42434135987872
3518,57.45584309878292
3519,63.48361470870381
3520,65.67536772720845
3521,62.9690323986657
3522,66.67318783177642
3523,9.067339593219755
3524,30.206590333644897
3525,102.03399637961182
3526,119.69141002326772
3527,38.03306292289219
3528,9.56771712753533
3529,42.048773698980334
3530,66.00978826984039
3531,46.500843382848174
3532,41.79201738410498
3533,38.07486045572282
3534,30.89871317802798
3535,30.68788580743674
3536,16.085992604633063
3537,52.625020973439135
3538,43.05098214736454
3539,6.770107005817367
3540,37.87765778166319
3541,48.97547481947459
3542,27.678713254698586
3543,40.3814816023856
3544,66.02135341007128
3545,30.25441600147695
3546,62.5826239550414
3547,94.133364031734
3548,29.14975828153286
3549,44.062301305512314
3550,57.73249364880581
3551,28.818124690395674
3552,187.84552217633734
3553,258.01766750059915
3554,73.33416830919184
3555,95.9397421268014
3556,30.313463884494904
3557,71.48359267402243
3558,82.23562927854233
3559,9.390958339621418
3560,51.822745414727294
3561,187.72180170491652
3562,49.39569462632829
3563,93.40533314375728
3564,55.691653290994545
3565,9.17682476268943
3566,192.44097175206673
3567,16.228960197893283
3568,78.61486496582016
3569,58.33414852671672
3570,27.348736415297196
3571,102.90295927471008
3572,66.18285814872269
3573,115.10198318452206
3574,5.37754070723156
3575,47.423672128296865
3576,72.2905232241893
3577,6.5949630102765076
3578,36.531351784638936
3579,15.924988358689403
3580,64.85042393705082
3581,50.767708029214646
3582,122.4035537284398
3583,46.549478311586604
3584,81.600050421405
3585,51.26900779868148
3586,92.98460403694581
3587,55.07670192749152
3588,55.062593146463556
3589,21.942192896416223
3590,11.423796660689826
3591,27.544227733583373
3592,74.31806447724237
3593,10.43734656106096
3594,63.27108904409672
3595,46.650935011235916
3596,34.83841325678112
3597,52.89871113073658
3598,59.29622889949014
3599,27.375238812770686
3600,64.43153548489221
3601,65.31413776893437
3602,58.754227493512566
3603,45.66742048094556
3604,22.775225783229228
3605,62.82136264622236
3606,65.29390744664977
3607,41.86145831027174
3608,23.007465597798465
3609,49.27775053852611
3610,44.745613192466955
3611,63.89306584861964
3612,24.156550097393215
3613,41.63759351093864
3614,33.971031174190735
3615,61.31623678452303
3616,40.73143714399887
3617,39.47039459289187
3618,60.30585124197901
3619,41.11503447098244
3620,210.57686813570422
3621,90.56932177879881
3622,323.4096144730764
3623,59.711257816790415
3624,32.7816919189785
3625,65.12349155705546
3626,53.83352970877838
3627,23.7295945358776
3628,19.762912678727112
3629,18.17230703158698
3630,99.62829156013554
3631,40.20126709030209
3632,91.62442813614305
3633,27.139784196731334
3634,134.93785982828481
3635,60.149922194761665
3636,72.321194448593
3637,55.900745149374146
3638,42.5896431057169
3639,71.44437547201852
3640,77.12920667167056
3641,8.451037187719175
3642,43.29606662605445
3643,11.214067634447922
3644,38.53676915143132
3645,36.122342873003504
3646,54.602257426086474
3647,47.54119276367728
3648,78.13379802906137
3649,68.86283613638999
3650,41.64607022811724
3651,51.11116983458451
3652,93.25304704790955
3653,82.0629959974077
3654,42.88057774349624
3655,19.64685129549386
3656,79.13572087467938
3657,27.97344698223988
3658,54.906031015374616
3659,63.5965661889272
3660,42.702349871228314
3661,30.101893341044065
3662,54.06055294526446
3663,39.257622397105074
3664,64.66485268125945
3665,58.29668876226085
3666,34.67186009178654
3667,92.23321549120587
3668,71.3279491851581
3669,49.24023421553732
3670,2.7853516242406635
3671,75.02422239079729
3672,33.00583970005184
3673,55.408824175566124
3674,67.8710151709889
3675,37.86630252833069
3676,91.14971454947766
3677,27.56557763217969
3678,31.455481482761712
3679,59.967139830458414
3680,42.6961648189604
3681,34.32597493851723
3682,48.139575057281206
3683,61.637298984211284
3684,282.40607915995247
3685,19.09316906136064
3686,29.981438385148536
3687,30.622204004162388
3688,17.765354953146126
3689,79.80909286951268
3690,32.582659408472225
3691,109.54079375171409
3692,69.07181076086212
3693,35.444776118971575
3694,135.26368481130515
3695,98.01099344562938
3696,30.919468645780018
3697,340.13628416244865
3698,40.29141101472621
3699,49.58907758843367
3700,43.98930643900606
3701,49.73995686724613
3702,52.61134697733111
3703,31.285063719544077
3704,61.05177233001838
3705,11.317565664818382
3706,25.21440081253282
3707,40.400488011173366
3708,63.31432858004341
3709,20.28992024011198
3710,35.6369693419347
3711,47.7429740960606
3712,60.2816947263281
3713,45.46648117111204
3714,83.98217048531336
3715,28.73024672276994
3716,23.832619406160372
3717,56.88434279824378
3718,40.50435444400845
3719,28.887772788433892
3720,56.44726637013122
3721,52.22154354942456
3722,47.926217600929625
3723,29.308053044511894
3724,51.75928745118607
3725,68.32070048208763
3726,58.29069666621019
3727,27.757846661118784
3728,35.343934595503455
3729,65.7293214009721
3730,21.56782967188311
3731,56.930807743115714
3732,42.751224452315626
3733,58.57419609698298
3734,20.646850778021772
3735,63.97009341429868
3736,158.68521142994055
3737,76.14666598914962
3738,102.42791799469954
3739,73.11191894935283
3740,26.565999292402147
3741,76.21091806004617
3742,87.44807127944921
3743,18.144083149260197
3744,100.66965557880948
3745,68.19556456271036
3746,41.01924708511902
3747,38.40258145265189
3748,57.11824314685703
3749,49.13280370693379
3750,45.21578690107048
3751,21.45182853013237
3752,43.52135358618899
3753,21.87162255007471
3754,54.49418155099021
3755,64.06845548543458
3756,51.93528065740505
3757,30.228977725756234
3758,87.32978584316186
3759,52.9473756163755
3760,35.60888444820758
3761,52.29885799615856
3762,30.445610899787905
3763,43.67097641164844
3764,23.57018842615044
3765,9.920820753950684
3766,54.015727728026796
3767,17.436647151695862
3768,42.052497187876114
3769,38.08570763868636
3770,76.99052039300805
3771,71.0331472812412
3772,60.27375573330036
3773,36.61155737796265
3774,62.18071660293743
3775,39.87806019090726
3776,37.93437558883445
3777,64.67430342243361
3778,60.933298826764215
3779,48.046311163130966
3780,39.0118841578709
3781,63.572798278016705
3782,41.61227480894885
3783,42.907209738731794
3784,16.291292736481868
3785,45.76754942715711
3786,74.31730422749698
3787,50.98117919473095
3788,69.34201245579936
3789,38.44860349511689
3790,129.96570426713492
3791,78.45330705785344
3792,15.847658033013026
3793,20.873069960252526
3794,32.62934776053248
3795,24.916331595785564
3796,46.608128660124635
3797,69.86777257269824
3798,45.49498892596257
3799,103.07125269655602
3800,51.42064152624832
3801,105.91346087209246
3802,62.15652723389597
3803,22.26990611470307
3804,28.149772492410055
3805,93.11341199721493
3806,75.29814856216655
3807,102.37596299708086
3808,36.98050957335048
3809,39.62639451934456
3810,33.848319890203065
3811,25.408752937278322
3812,73.61126551678885
3813,69.13961691799754
3814,25.762222832719143
3815,45.71615942583344
3816,35.6982536836323
3817,37.67549933206581
3818,29.49535091262447
3819,13.214623067765043
3820,42.94703890420318
3821,54.99821013142427
3822,59.852485904131704
3823,28.268982042726247
3824,29.028580467968848
3825,47.573174698188794
3826,52.67020609914783
3827,22.106111794578013
3828,53.25114459943928
3829,40.405577372447475
3830,19.688566621976225
3831,30.049909419340633
3832,28.438571911626784
3833,39.012999984737064
3834,46.091572910416424
3835,21.772556651860654
3836,35.67500760424293
3837,1.5460579221037998
3838,25.53695599055796
3839,41.07047925705278
3840,27.968294965375105
3841,15.81191634337617
3842,68.47977009244123
3843,30.933554777291434
3844,49.14725883205166
3845,29.92003672021791
3846,43.45192287563817
3847,9.979971387800473
3848,33.70417351776036
3849,47.55074199545795
3850,39.88039666655033
3851,82.74499670504257
3852,42.97808702344992
3853,45.947929650763534
3854,34.34859237967423
3855,59.401356004186475
3856,55.54248970450439
3857,67.09037149546585
3858,57.538869433977574
3859,76.7990720259164
3860,37.83285430649233
3861,51.86709049635964
3862,63.90620459258981
3863,47.88222255426077
3864,5.123960257926332
3865,51.278149725405456
3866,46.732426896264165
3867,40.57456292432336
3868,22.908784589923407
3869,35.206416211652034
3870,11.966523643890543
3871,46.993323712518325
3872,23.64805569245211
3873,47.443493730390536
3874,109.17686231649641
3875,54.910339761614075
3876,52.31764029954192
3877,60.18989097838548
3878,34.546002120115375
3879,53.60560304895094
3880,55.95087056507013
3881,68.7926438064906
3882,31.444074695808354
3883,43.85154121519615
3884,76.74284476317452
3885,46.82903338856192
3886,53.630242035254895
3887,17.990402048596092
3888,56.856881646337705
3889,75.76635223431065
3890,59.21782590201768
3891,15.418181233392012
3892,22.39042376325275
3893,73.31779483764453
3894,54.244812401207604
3895,49.97115069032321
3896,79.08441294943813
3897,47.24113229270661
3898,46.011937390479694
3899,31.579226974687423
3900,29.029627056454277
3901,23.212291569607615
3902,36.964471993688825
3903,26.149585968766907
3904,12.358007128266731
3905,47.27500314699487
3906,27.7548949466096
3907,26.470226215644583
3908,43.49869522220329
3909,38.01742365745002
3910,37.702969788452876
3911,42.86481292668071
3912,48.592628228729424
3913,102.9055554854292
3914,48.88297286894013
3915,97.45953502505691
3916,59.34499208589289
3917,51.0018803074003
3918,59.09925933985831
3919,24.3509263901837
3920,46.02502088398469
3921,14.84836998430763
3922,56.45678721445098
