0,0,0,758,38.08540294931785
1,0,0,389,43.22093629826938
2,0,0,389,46.649649582715774
3,1,1,393,94.78924158576102
4,1,1,647,24.599879400661347
5,1,1,1,67.65428856243001
6,2,2,148,47.28352206859228
7,2,2,296,70.24581917102508
8,2,2,5,55.341177008696405
9,2,2,391,60.773412515580944
10,2,2,147,35.357802818824815
11,3,3,815,14.385831167077727
12,3,3,34,62.13235644744188
13,3,4,4,19.94681122343485
14,4,391,391,48.06740983848498
15,4,4,2,34.51050016722278
16,4,4,3,58.660572489677165
17,4,913,913,30.551477955567275
18,4,2,2,17.469364666347207
19,5,5,599,33.2540712043692
20,5,5,3,32.47817591996207
21,5,973,562,172.86815181178764
22,6,6,34,24.27179399277305
23,6,6,5,33.717782126455354
24,6,435,435,24.983391007912466
25,7,7,80,55.63954798101976
26,7,8,8,58.48953275090039
27,7,8,8,47.52116840334031
28,8,8,7,43.29454082226569
29,8,8,87,47.189782694975364
30,8,8,7,51.50641709867355
31,9,9,138,36.794811562087204
32,9,9,334,38.38419669273345
33,9,9,838,57.56926602473879
34,10,13,13,133.60299687361947
35,10,10,10,32.77819020996321
36,10,10,119,36.13774678862421
37,10,10,15,46.79936369714135
38,11,11,14,38.29708713855887
39,11,11,11,43.642171558744586
40,11,11,16,60.71039977153611
41,11,11,11,49.725738049514156
42,12,12,50,39.87356601144711
43,12,12,92,76.75961824254784
44,12,12,12,38.37322600631272
45,13,13,85,28.244619028267245
46,13,13,58,21.753072666184813
47,13,13,137,66.76887919693658
48,13,13,20,19.242628076623554
49,14,14,91,32.97400648901222
50,14,14,12,52.56433994049261
51,14,22,815,23.510764135677114
52,14,14,17,57.828999821948855
53,15,15,10,31.96730503189358
54,15,15,10,12.944209654190043
55,15,15,91,37.218033416798676
56,16,16,85,47.793748630793075
57,16,16,17,24.33913355742038
58,16,16,91,34.495833202348216
59,17,16,16,31.753361276019376
60,17,17,17,51.835115409257256
61,17,17,88,44.53953644679777
62,18,18,18,40.760793274271
63,18,18,18,38.105385762083266
64,19,19,94,75.4550572950804
65,19,19,383,40.590804697477225
66,19,19,99,34.66916800804242
67,19,19,18,19.751435730142404
68,20,20,140,31.67825506455143
69,20,20,17,53.618909580894666
70,20,20,143,41.63742329945528
71,21,21,99,16.24779090900587
72,21,21,93,33.11553547848213
73,21,21,22,21.880286163693864
74,21,85,758,22.648980166229258
75,22,22,22,55.12042866066068
76,22,22,22,72.9938058411382
77,22,22,21,12.65547201668394
78,23,23,980,53.40348228658663
79,23,23,21,37.25078675484792
80,23,76,76,31.746987497561264
81,24,24,562,38.84548755058755
82,24,24,206,77.69986648198542
83,24,24,83,28.321967498787153
84,24,24,490,37.59332607009277
85,25,28,28,15.76411305164424
86,25,25,25,48.677936875689575
87,25,25,25,41.14543227459512
88,26,27,27,58.07473715538604
89,26,26,395,25.871752552234934
90,26,26,25,45.27343851479225
91,26,27,114,65.04289005219972
92,27,27,27,41.189915226271566
93,27,27,27,43.57426861292916
94,27,26,32,22.504239154938812
95,27,26,26,61.752021915216446
96,28,28,62,33.23291492879399
97,28,28,25,26.23514748185088
98,28,28,329,73.392210298665
99,28,28,28,35.14665371991166
100,29,29,341,42.522039535889604
101,29,29,39,86.98450530661935
102,30,30,32,40.95867729658462
103,30,32,31,15.933377248517951
104,30,30,32,52.146944052032666
105,31,31,30,28.424943602510986
106,31,31,31,41.142159681737425
107,31,31,31,52.73350382324373
108,31,31,31,49.45792134552553
109,32,32,31,39.309605299228075
110,32,26,26,55.477583052012434
111,32,28,562,26.944634579349998
112,32,26,50,11.977748505712816
113,32,30,47,25.128422180357028
114,33,973,109,37.416317987758404
115,33,33,34,50.63830638402204
116,33,396,396,48.50823022280418
117,34,34,562,15.96589303085356
118,34,34,35,53.53197205358732
119,34,34,245,45.947669147036386
120,35,997,329,26.18427943086127
121,35,37,37,159.8848562542301
122,35,35,36,24.891517937646505
123,35,35,36,23.890370111627806
124,36,37,37,45.43603099958727
125,36,36,35,37.41096169633856
126,36,37,37,30.644765247888433
127,36,36,34,48.14367893321963
128,37,37,35,35.960037156006045
129,37,37,37,61.37288925004204
130,38,38,26,16.43715923962771
131,38,112,110,14.397319612504745
132,38,45,45,49.51549576557746
133,38,38,316,136.9333171168435
134,39,39,46,34.1870155268401
135,39,39,39,54.598024428773414
136,39,46,317,32.70786241495221
137,40,40,46,46.22766430452207
138,40,40,47,30.255080578945275
139,40,40,39,62.348918068631946
140,40,40,46,51.198251727713135
141,41,41,44,16.423368820808793
142,41,41,57,29.112951812954552
143,41,42,42,36.17346627620869
144,42,42,6,43.24687018074556
145,42,28,28,53.62073072236212
146,42,42,42,44.786291105097966
147,42,42,42,38.92466483921711
148,43,43,42,54.038590651866514
149,43,43,716,33.690313066749844
150,43,43,42,26.931806227869547
151,44,41,49,50.35667908629083
152,44,60,60,33.70986143091641
153,44,44,49,30.05529587831621
154,45,912,912,40.902340742000604
155,45,45,785,47.550651948823564
156,45,45,327,43.48286636261237
157,46,40,40,94.58358625996162
158,46,39,123,56.33727306668351
159,47,47,46,24.654942193833634
160,47,31,31,31.988778216117222
161,47,47,50,26.295974220509965
162,47,47,688,56.51836450077611
163,48,48,45,27.52585472780954
164,48,48,876,41.82483874739733
165,48,48,49,36.38338248105488
166,49,49,394,14.756882646023744
167,49,977,977,38.488316860522374
168,49,35,35,40.40099345696493
169,50,50,49,53.44078669220746
170,50,50,49,37.45347489087474
171,50,50,49,31.798902008658526
172,51,51,105,36.41993263665129
173,51,51,983,28.111741924129795
174,51,51,827,43.91197144387302
175,51,51,634,20.16721465786305
176,52,52,60,52.36986559827235
177,52,52,63,59.51330827452505
178,52,52,113,69.43179533998986
179,52,52,110,59.082800631779385
180,53,53,58,25.832994872304855
181,53,53,52,45.0824288354065
182,53,53,815,32.186716490195884
183,53,53,53,56.070802988245674
184,54,53,53,98.18989106039893
185,54,66,66,13.31724675568053
186,54,57,57,80.87971507611871
187,54,54,56,33.799082362447805
188,55,55,64,24.706164288174797
189,55,55,64,20.349914889581534
190,55,64,64,32.07835097760101
191,56,56,45,51.045196722887745
192,56,56,45,59.464306709962706
193,56,63,63,39.62491782535359
194,57,57,57,62.772375549658506
195,57,57,54,52.32529332537306
196,58,58,68,34.95256798907246
197,58,58,815,14.160723965062873
198,58,58,488,28.288470103584483
199,59,59,52,27.197892643389967
200,59,65,65,12.74598136133411
201,59,616,616,52.797581533484404
202,60,60,61,27.8587225873311
203,60,62,62,45.914985941040854
204,60,58,58,31.830862850095876
205,60,60,65,24.732569879121005
206,61,61,109,68.45267349673911
207,61,61,62,51.78464635026852
208,61,61,54,53.92464406796197
209,61,52,52,69.24194341504891
210,62,62,61,52.10023727745224
211,62,116,599,36.49664217692456
212,62,62,61,39.02491008599927
213,62,67,958,24.413673665818905
214,63,57,57,45.150885947288415
215,63,63,395,47.408035667191896
216,63,488,695,41.519510123961204
217,63,63,33,34.233166095571896
218,63,68,67,32.54682454782298
219,64,64,55,15.6838526751587
220,64,59,55,19.879527564932527
221,64,55,55,41.520509002927504
222,64,55,55,38.001834122077454
223,65,65,58,19.10418819490787
224,65,65,58,12.602847145836177
225,65,65,116,19.930220213948083
226,66,68,68,33.76116039629009
227,66,66,68,20.103180712205216
228,66,825,825,34.82880142560721
229,67,67,61,36.40601910357801
230,67,67,54,52.04350453887098
231,67,67,54,13.702859121100976
232,68,68,66,41.256889823961515
233,68,68,329,46.85299453560323
234,68,66,66,69.07399956250846
235,69,69,980,72.33180406558279
236,69,69,787,17.772944937919085
237,69,69,783,81.26896244822869
238,69,69,455,41.59636999300362
239,70,70,815,26.349641882053472
240,70,70,314,41.92172498823346
241,70,70,74,48.29535370644191
242,70,815,815,17.98724248525428
243,71,115,115,81.56812351341016
244,72,72,74,65.51284136431707
245,72,72,74,24.13980784107771
246,72,72,74,26.98832416661243
247,72,72,72,54.39375985858253
248,72,72,74,29.02553220540482
249,73,815,815,130.97144845834356
250,74,73,73,39.79030670799529
251,74,72,72,36.159803918245366
252,74,74,73,40.69754690050892
253,74,74,72,20.133852866799096
254,75,75,74,34.363906320465915
255,75,77,77,55.74277535218578
256,75,73,74,49.9681055786441
257,76,76,76,43.9362121153527
258,76,76,460,21.911308234267718
259,76,76,73,45.83317932463101
260,77,77,73,200.7781719733695
261,77,77,74,33.90816722419049
262,77,74,74,25.830690972969663
263,78,78,73,25.63661050846646
264,78,74,74,22.00835009636512
265,78,435,725,93.20726999289067
266,78,78,73,9.216508465790389
267,78,78,77,61.47388466141967
268,78,70,70,24.776013732877566
269,78,78,304,19.09437023958381
270,78,78,74,37.80669440160782
271,78,549,844,31.628450889146873
272,78,78,302,50.69062022261678
273,78,78,73,74.84185774630267
274,79,79,318,136.87771178673475
275,79,79,71,54.301415791934836
276,79,77,77,65.1967073586964
277,79,79,79,30.510809173954517
278,80,80,137,12.736736273862668
279,80,80,197,24.066450651763184
280,80,80,100,47.595819184005705
281,81,81,82,51.566967659295855
282,81,81,80,70.7099136756639
283,81,81,815,14.884260377744727
284,81,773,773,34.01240475157298
285,82,67,50,27.68450188923434
286,82,82,81,50.68977113155778
287,83,83,83,32.749114785350635
288,83,83,138,36.85194817131634
289,83,22,132,39.77109993633371
290,84,84,84,38.948544439978214
291,84,84,489,36.96551329925049
292,84,815,815,34.88016622624119
293,85,82,8,74.70815029219898
294,85,85,85,27.287728989818014
295,85,85,85,88.30364582918367
296,86,86,82,32.39076455495623
297,86,86,86,32.02510579882194
298,86,81,81,41.827598672533185
299,87,87,871,13.161063380272926
300,87,87,20,35.087927344753666
301,87,87,87,39.55419358111902
302,88,88,90,37.874451633329464
303,88,88,90,43.104138535581214
304,88,88,88,54.315977563451426
305,89,89,952,30.04341519915001
306,89,89,146,30.488240603858326
307,89,89,99,58.448351843930716
308,89,89,89,45.6711562935153
309,90,90,14,50.94473171381586
310,90,90,88,37.640261166067305
311,90,90,86,66.74738173282341
312,90,90,90,81.51612948924924
313,91,91,21,22.12909757674473
314,91,91,307,42.770609162184385
315,91,91,50,51.917850286061
316,92,92,98,49.69971328174972
317,92,92,95,32.971572456075315
318,92,92,94,23.0211647495325
319,92,92,319,58.35421922531011
320,93,93,23,28.797738423378664
321,93,93,128,47.4657866430063
322,93,93,145,44.927482450613134
323,94,94,946,53.39879936048281
324,94,94,306,38.09391521381582
325,94,94,494,25.28777166153052
326,94,94,12,20.809183870580867
327,95,95,94,21.436407541198044
328,95,95,94,31.758177966482606
329,95,95,94,42.5818476351089
330,95,95,94,42.312673186465666
331,96,96,983,16.470570863752666
332,96,96,694,30.315690700610936
333,96,96,88,46.99803896539407
334,97,97,137,20.996740210115792
335,97,97,18,57.47114308462848
336,97,97,98,107.18225534374069
337,98,98,98,23.85835032935993
338,98,98,143,26.409371953604023
339,98,98,141,19.042160240331114
340,98,98,97,21.875877759343034
341,99,99,97,29.63931933853566
342,99,99,81,47.80744681433444
343,99,99,134,36.896701240063976
344,100,100,137,71.47295620101832
345,100,100,100,54.97808691241898
346,100,100,100,52.32512680778696
347,100,100,50,39.14141427287931
348,101,101,385,29.19484776437501
349,101,101,386,33.782071860290145
350,101,386,385,36.72236808051082
351,102,102,102,50.589795606689925
352,102,102,102,40.57661925596422
353,103,344,344,48.42862108695043
354,103,103,0,34.73223549258386
355,103,716,939,34.566486203492346
356,103,103,50,21.52832573441009
357,104,104,276,44.218643550802774
358,104,104,342,47.4425616964466
359,104,330,825,43.117604303665374
360,105,105,383,49.07106125211537
361,105,105,106,45.97699407390334
362,105,105,383,53.37687753928943
363,106,106,958,14.595866484597654
364,106,106,337,41.29283887406128
365,106,106,342,29.96903123134442
366,107,107,6,30.809855759417356
367,107,107,5,64.85315887747461
368,107,107,107,46.749944170264385
369,107,107,983,38.02344875976259
370,107,107,475,32.16616632213944
371,108,973,973,36.0091647177918
372,108,985,985,70.51528432400727
373,108,267,130,51.89305205662187
374,109,109,390,43.49159907245044
375,109,109,973,33.94502074684372
376,109,109,911,55.32136205217622
377,110,110,115,69.46461419148356
378,110,110,115,63.07694320097651
379,111,318,318,76.43350492160776
380,111,111,688,22.020621048044617
381,111,111,688,13.492971337926644
382,111,309,815,25.644690431584994
383,111,111,58,47.74164427512022
384,111,111,562,31.13709489523603
385,111,111,688,71.72522996723187
386,112,113,113,59.6208993858866
387,112,113,113,33.8666863717314
388,112,112,114,50.30937659392388
389,112,112,991,26.800556753615986
390,113,113,113,41.62619054899269
391,113,947,947,46.09528646093868
392,113,113,988,48.88660458660971
393,114,114,303,134.34909023762347
394,114,114,113,23.12053278302109
395,114,114,113,31.29227932082664
396,114,306,303,34.3122145681861
397,114,114,26,32.760230687757414
398,115,115,110,61.27805126763908
399,115,110,110,40.928400111296845
400,116,116,126,37.11885002749301
401,116,988,956,40.67809112549157
402,116,116,125,36.61338433197381
403,117,117,429,33.94596346656984
404,117,117,117,51.156265493750574
405,117,117,107,47.265265046416296
406,118,944,988,24.633714995645324
407,118,118,122,55.6381572327394
408,118,118,119,25.39051767375779
409,118,118,119,35.90080685399795
410,119,119,303,21.35643164777796
411,119,119,120,31.936422899305786
412,119,499,499,30.979238137124995
413,119,124,314,29.424681706232082
414,120,120,125,46.046844556321844
415,120,770,770,74.7863913815614
416,120,119,123,34.759441774041136
417,121,119,119,39.159931153847474
418,121,121,118,40.520260236758205
419,121,121,118,103.39150897019817
420,121,121,118,50.378099552820245
421,122,122,124,163.10530932268
422,123,123,65,37.41273813426362
423,123,123,118,81.72711354386946
424,124,124,314,27.60797903657092
425,124,124,125,47.77286923162038
426,124,123,123,33.24160407345541
427,125,125,119,51.42855649618869
428,125,125,396,55.31099633887007
429,126,973,973,50.285098415292794
430,126,126,125,36.69362595623022
431,126,809,828,29.143703301649982
432,127,127,807,17.987075839942293
433,127,127,99,27.380518434775706
434,127,127,127,40.625093730577674
435,127,127,128,43.13545665902185
436,128,128,815,58.38407472134493
437,128,128,21,41.576949160941325
438,128,135,50,37.68120715241793
439,128,384,383,29.394527304358757
440,128,128,135,30.488913971093833
441,129,129,99,26.85317239905029
442,129,129,129,38.41328737215165
443,129,129,130,80.39850311101156
444,129,129,132,57.5576325431429
445,130,130,134,53.55424876538782
446,130,130,129,36.441372461501054
447,130,130,129,68.3463022769176
448,131,131,50,12.883915118943985
449,131,131,131,50.94176313171283
450,131,129,113,16.920463830795956
451,131,131,131,32.52278714833536
452,132,132,134,42.42924028788856
453,132,132,716,51.06516576345813
454,132,132,132,44.10299373159175
455,133,141,141,51.67580136862616
456,133,133,395,25.4687205994297
457,133,133,135,41.61949493090297
458,134,134,99,32.06774471782761
459,134,134,9,77.34256253853792
460,134,895,812,18.156049322197326
461,135,135,142,24.570479287194004
462,135,135,135,52.49154963546832
463,135,135,135,56.486155664388264
464,136,136,14,19.9896179956409
465,136,136,128,52.47630696980982
466,136,136,14,27.064506370929813
467,137,137,20,34.562377185288454
468,137,137,136,51.989277715909175
469,137,22,22,35.97552165157197
470,138,138,138,29.782225423211145
471,138,138,353,30.36621900632
472,138,138,134,38.645007466953665
473,139,139,140,36.9257540944608
474,139,139,97,26.401391109815957
475,139,139,361,34.35919719518981
476,140,17,17,19.221940683158216
477,140,140,129,20.083410413935933
478,140,140,87,20.75719882315474
479,141,141,141,25.425926814558277
480,141,141,141,55.33114421386625
481,141,141,141,40.32951416098237
482,142,142,141,18.509574343528037
483,142,142,141,18.190012021064813
484,142,142,141,36.5963381737051
485,142,140,12,25.475180284875563
486,143,143,141,57.67619932919015
487,143,143,98,28.42877018042601
488,143,143,143,36.39918227148723
489,144,144,146,63.630510568900576
490,144,144,129,39.73265997671498
491,144,144,93,93.5659566940875
492,144,144,144,50.37498447068469
493,145,145,145,37.29933962122956
494,145,145,145,48.084470340350116
495,145,145,460,39.462938487699546
496,146,146,145,38.08612659367591
497,146,146,137,35.61610786652273
498,146,146,148,22.579214922429248
499,147,147,360,30.28395485410365
500,147,147,562,55.44717815774646
501,147,147,148,17.48890204484957
502,147,147,148,23.87905844875166
503,148,148,147,35.16276871444851
504,148,148,148,42.99166418102751
505,148,148,148,34.46618637541627
506,149,149,3,53.13640370207457
507,149,149,150,28.325243453371506
508,149,149,344,31.544724282086136
509,149,149,983,62.19290647150992
510,150,150,367,41.20334284966091
511,150,150,344,42.07783979699571
512,150,150,337,67.22155476893471
513,151,298,298,31.355226535840195
514,151,151,237,71.3397655186479
515,151,151,237,23.315142153575163
516,151,151,171,41.66820019305768
517,151,151,268,20.840392166400616
518,152,152,157,34.766755812288935
519,152,152,155,44.92725161540529
520,152,152,154,30.066207872904094
521,152,157,157,53.02811973086721
522,152,154,154,62.682516004008
523,153,153,203,38.30243425371411
524,153,153,194,36.43829473113628
525,153,153,259,25.574561537114214
526,153,153,265,74.78851703591609
527,154,152,152,65.10433831658452
528,154,187,187,54.53322223484598
529,154,154,182,50.1987196929405
530,154,154,155,15.909821233443285
531,155,155,154,68.00533256551768
532,155,154,153,27.13550680938167
533,155,155,200,53.381539383206935
534,155,155,152,87.3078215030921
535,156,156,219,29.825193804512146
536,156,156,805,38.81718326651909
537,156,200,266,44.639662321139426
538,157,157,156,42.74413730590004
539,157,264,264,21.91459963328255
540,157,157,157,34.82632086444316
541,158,195,195,38.347884085995624
542,158,251,251,23.875735451350742
543,158,263,263,23.17337703096527
544,158,237,785,42.212401778802956
545,158,195,195,30.091512989273184
546,159,159,243,80.691202718052
547,159,243,180,39.74547415671997
548,159,209,257,51.52485230163843
549,160,226,192,63.669933367359086
550,160,160,228,30.697747028611772
551,160,204,204,28.47741936808106
552,160,160,375,46.216570076831026
553,161,161,209,37.36400998275626
554,161,161,162,49.1388493714414
555,161,161,162,72.04513831969575
556,162,162,180,43.69173939724333
557,162,162,161,28.9223868312286
558,162,171,171,92.32650221613143
559,162,162,180,33.368523899541415
560,163,165,165,27.64734848642198
561,163,163,212,11.299858955839465
562,163,163,163,44.02479750260386
563,163,163,243,51.0172184359163
564,163,385,385,62.249222690068976
565,164,164,212,29.129279020063443
566,164,164,236,57.228812085075035
567,164,164,162,29.101142468869394
568,165,165,236,47.39189392960033
569,165,165,211,35.32059298075719
570,165,234,234,35.952744758152456
571,165,165,237,26.472116778852207
572,166,166,164,52.08143706929483
573,166,161,264,34.56031633678543
574,166,171,171,47.898794803364844
575,167,166,166,49.71881304359583
576,167,167,162,43.633092045921636
577,167,162,162,37.3423438029105
578,167,215,215,35.809911912798
579,167,166,166,29.25118154803435
580,167,166,166,48.44150180174863
581,168,168,236,18.738811640039405
582,168,180,180,65.144541064504
583,168,168,159,85.9844967527363
584,168,168,207,36.664706843070576
585,169,169,257,47.4164389862335
586,169,169,169,32.94413409500763
587,169,188,193,41.64115802985429
588,170,172,172,72.43530668558806
589,170,269,106,36.23527662321521
590,170,170,341,27.02931583614897
591,170,170,177,32.276287329239274
592,170,170,183,77.49377654571246
593,171,171,172,36.979931801472496
594,171,172,169,41.69191877061354
595,171,223,295,61.37155382633125
596,171,171,158,20.204449298607397
597,172,172,242,21.97556275140499
598,172,158,158,52.783729890163336
599,172,172,209,36.51735707888168
600,173,173,171,39.689180129967546
601,173,180,180,67.09046919160245
602,173,173,246,26.70344484762772
603,173,173,172,44.06392705980594
604,174,174,284,30.13148882279886
605,174,174,286,30.65058468812531
606,174,174,224,23.20311123692911
607,175,175,226,66.23086928069962
608,175,185,185,28.609539122955884
609,175,175,226,35.25775779788945
610,176,176,172,54.47624420023133
611,176,176,172,37.94622384988728
612,176,178,209,39.0998153677495
613,176,176,169,20.960287929696296
614,176,176,181,35.08573441749475
615,177,177,170,39.07848370594169
616,177,177,170,50.183344791002106
617,177,241,562,34.37345356924901
618,178,168,168,57.52671682964548
619,178,178,171,31.392663086710417
620,178,178,246,51.58065777277536
621,179,179,180,35.64437999911236
622,179,179,179,43.530830056685666
623,179,179,242,18.536522826665188
624,180,236,236,44.2141383128958
625,180,180,182,44.07463362598483
626,180,159,159,55.00466905111298
627,181,181,267,70.28763014618711
628,181,181,202,41.264023149459184
629,181,181,266,35.288014484985496
630,181,181,267,12.704993174925013
631,182,182,184,62.75452083789453
632,182,182,174,23.564334568455102
633,182,182,168,75.08196256298017
634,183,267,221,54.21252339753123
635,183,197,197,59.093679700718376
636,183,183,267,53.67626776248983
637,183,221,221,66.00110955008624
638,183,183,267,59.281593313936455
639,184,191,191,21.229709677200805
640,184,182,182,23.254525538781312
641,184,184,170,29.01984705565981
642,184,184,191,52.64786962110428
643,185,850,850,34.287172350491346
644,185,185,200,54.75215296039092
645,185,185,186,50.12124997530393
646,186,193,193,29.469341871474757
647,186,186,182,52.694857795916036
648,186,186,193,14.978649870366933
649,187,187,201,53.44170645540503
650,187,193,186,29.4399410818484
651,187,187,186,31.003652217403403
652,188,428,428,35.204620467406556
653,188,188,181,52.68094371635881
654,188,181,181,46.20709387167173
655,189,189,189,34.23867484858518
656,189,191,904,44.36468898236528
657,189,189,228,60.61562299840969
658,190,190,170,28.012205331159656
659,190,190,203,214.46783249053786
660,191,191,266,39.19771195079245
661,191,191,189,37.89021923433501
662,191,184,184,45.28267861437265
663,192,621,621,42.236598986862504
664,192,192,199,27.654257661172462
665,193,201,201,32.23126782350887
666,193,193,186,36.99589958997854
667,193,186,186,29.708260321994317
668,194,194,175,116.61686919014717
669,194,194,226,43.379635403271735
670,194,194,204,30.526726198926
671,194,194,190,87.09204194132987
672,194,194,265,75.43300925261316
673,194,194,265,24.572536258135486
674,194,194,194,50.630237785307834
675,195,195,195,132.63248635047339
676,195,195,245,41.4760542016255
677,195,195,158,45.11710135818832
678,195,195,245,58.60993237531245
679,196,196,199,15.562296101226172
680,196,196,199,37.91745397248937
681,196,196,198,45.98047014967817
682,196,196,194,74.05382026741933
683,196,196,246,21.686399758159567
684,196,196,189,12.454618809278317
685,196,196,203,38.000566371645775
686,197,197,183,71.72257193609227
687,197,198,196,61.72706646288416
688,197,233,233,62.055200365429776
689,198,183,183,50.72529363625544
690,198,198,198,30.562973962136713
691,198,198,183,40.65973445988632
692,198,197,197,58.82321548809441
693,199,199,197,48.90770105216534
694,199,197,197,54.16793587904375
695,199,199,537,29.36644765196406
696,200,200,204,38.03114305071457
697,200,197,199,38.37158569661402
698,200,202,202,36.16753528260093
699,201,201,187,46.35484301910492
700,201,201,193,59.46217282632006
701,201,201,200,67.64805208523784
702,201,193,193,111.44719792892732
703,202,200,200,50.653572423440586
704,202,202,202,51.673004146155805
705,203,203,192,24.60922566817714
706,203,203,196,72.7121848702472
707,203,203,199,46.294434780259465
708,203,203,189,41.52546367824047
709,204,204,155,68.03782742983068
710,204,155,153,17.05214452666725
711,204,204,155,64.47276746962946
712,204,204,226,66.15137162087753
713,204,155,170,31.549046479028572
714,205,179,179,50.48207556900597
715,205,205,205,33.56638549060848
716,205,205,206,33.321049223517
717,206,206,267,64.9857540293739
718,206,206,267,52.33816034810865
719,206,206,327,34.69134151949825
720,206,206,205,20.488164021152294
721,207,256,256,48.16501236280127
722,207,207,176,36.95914488701563
723,207,207,267,13.45721646853186
724,207,207,209,41.640403412036555
725,208,207,231,82.27128445569541
726,208,205,366,46.19839131439824
727,208,208,205,32.193306942169535
728,209,355,347,103.14238863710504
729,209,206,206,43.312911378108026
730,209,209,220,25.55051631664053
731,209,209,211,37.65119658855072
732,210,210,211,54.00290600965226
733,210,210,210,40.315897038803435
734,211,211,159,48.930766873192496
735,211,159,344,49.71353072632368
736,211,211,163,58.74084215190052
737,212,212,215,49.86225840504448
738,212,212,202,41.9891635406383
739,212,212,251,38.54358727993434
740,212,217,217,23.17176378558676
741,213,213,205,64.78053335181895
742,213,43,327,23.772112315203653
743,213,213,207,22.147782700212364
744,214,214,234,42.13526581328437
745,214,214,236,70.38920745322143
746,214,214,205,35.41223505585788
747,215,191,191,55.40214983750775
748,215,215,247,41.28517438285693
749,216,216,215,57.16411219829205
750,216,216,212,54.469628414788694
751,216,190,190,78.80794579697125
752,216,216,212,52.924876941998065
753,217,217,198,39.458624931524305
754,217,218,218,37.93095311537827
755,217,217,264,44.96773801451283
756,217,217,219,26.373390295041307
757,218,218,219,36.15910069855467
758,218,218,169,21.077255020979823
759,218,218,218,60.095680368141565
760,219,219,265,23.606853838217862
761,219,219,215,43.53765851267061
762,219,205,205,26.25206743089517
763,219,207,207,53.08708584762908
764,220,220,256,32.56358860368507
765,220,220,43,21.54181588726572
766,220,220,355,44.534729457425286
767,220,220,256,39.260038015039875
768,221,221,214,41.483377417009166
769,221,221,97,35.73433342143635
770,221,202,615,57.894109599733866
771,221,221,206,68.0129521933266
772,221,221,206,25.889754578868548
773,222,222,257,50.61891643776586
774,222,222,257,30.190473176307652
775,222,222,257,27.546978192910164
776,222,222,257,52.3889646543777
777,223,223,224,74.97223069620912
778,223,223,224,56.618662462347835
779,223,223,224,74.08016254576701
780,223,223,806,29.991638591574322
781,224,224,199,70.91587777295312
782,224,224,223,49.20617948202941
783,224,224,223,25.50802139374441
784,224,199,199,24.249302087594966
785,225,225,246,42.04544650036283
786,225,225,245,16.90417439328135
787,225,168,168,31.466914842916918
788,225,225,225,54.189896638731575
789,226,226,198,45.36057032649062
790,226,226,160,24.576490913773597
791,226,226,191,71.08131068768706
792,226,226,200,31.250059434634153
793,227,180,180,30.78057320263077
794,227,227,236,59.46770656328373
795,227,227,235,46.20169579995743
796,227,227,224,19.868413213024912
797,228,228,348,57.73361953849328
798,228,228,170,84.34115138311151
799,228,228,229,45.59606525340547
800,228,202,189,42.30805022027223
801,229,229,200,40.877566060437935
802,229,229,181,60.92314599592415
803,229,229,228,46.57302650093411
804,229,229,228,22.71778168593749
805,229,229,181,37.65026040803552
806,229,229,361,46.430130131528124
807,230,230,785,63.19766964409609
808,230,230,231,42.45326732562595
809,230,264,264,31.056985328540897
810,230,230,231,30.953370707768947
811,231,231,230,33.37676730833007
812,231,231,230,36.37851023963928
813,231,231,230,22.49740655607183
814,232,169,169,36.16376172031698
815,232,232,231,58.007066489916305
816,232,232,230,60.74704194623402
817,233,256,367,77.6310419810243
818,233,233,199,33.388726588598225
819,233,233,189,30.50291875736131
820,233,233,192,72.87140779115039
821,234,234,852,58.58215942737933
822,234,234,244,64.64553538011978
823,234,227,227,57.64132077181235
824,235,226,226,39.050830812418425
825,235,225,225,33.671501357971536
826,235,225,225,41.08731823743941
827,236,234,234,17.806429136092753
828,236,227,227,40.09205086298698
829,236,234,234,28.446408768348817
830,237,237,268,23.109003445062967
831,237,237,467,114.55582419602746
832,237,237,236,73.13884776558982
833,237,236,172,28.686797875417565
834,238,238,264,67.09622457088209
835,238,238,234,27.588011174564556
836,238,238,241,45.908785270156
837,238,238,240,75.84560990862433
838,239,238,238,67.8298214345876
839,239,239,240,53.6865159911891
840,239,239,238,72.48515613813059
841,240,238,238,51.694198435599084
842,240,238,238,40.54756766892829
843,240,241,241,30.621952423302325
844,241,238,238,45.46695485337356
845,241,241,240,14.63301000864222
846,241,195,195,32.58307113231754
847,241,164,236,19.349137420448027
848,241,241,240,28.77519641536307
849,241,241,240,25.99311345315392
850,241,240,238,118.53271460874545
851,241,238,206,47.15794183114334
852,242,242,180,28.61921905534431
853,242,166,171,85.11206928910319
854,242,242,180,40.21094204381663
855,242,242,180,36.311142722215166
856,243,243,242,61.53310515882063
857,243,243,242,34.38295705482781
858,243,243,35,93.22229210752813
859,244,244,249,82.9101254698365
860,244,244,244,42.85448688581983
861,244,244,244,49.385924889291296
862,245,254,840,62.938791472390065
863,245,245,811,37.2038100184499
864,245,189,189,18.157709275681267
865,245,206,114,56.85673072003678
866,246,159,159,31.440837750111932
867,246,243,182,40.711637624695534
868,246,246,172,30.29948764779461
869,247,247,242,96.24956445496913
870,247,247,217,42.19346085508465
871,247,247,247,48.76552553472105
872,247,247,247,48.296270747992246
873,248,250,249,26.342026602408655
874,248,248,250,86.16272935873617
875,248,248,250,55.39702474459425
876,248,257,229,69.54152346755534
877,249,249,248,46.62784489317684
878,249,256,256,46.61119495159155
879,249,249,261,29.173120359813204
880,250,250,249,31.00778332948715
881,250,249,249,51.89998504844794
882,250,250,249,42.29022517199963
883,250,249,249,17.84778399697853
884,251,251,251,50.73440535449826
885,251,251,246,50.70969374593659
886,251,251,246,20.32180049116709
887,252,252,196,66.45739071150537
888,252,252,199,71.82218975907848
889,252,252,200,29.19281254293904
890,252,252,262,39.27016860995343
891,252,252,198,14.860828527572588
892,253,253,678,60.05287677802871
893,253,253,263,34.23988871042016
894,253,166,166,53.266137370541955
895,254,254,262,131.02894482696203
896,254,254,180,33.108569691192
897,254,254,245,61.257135556431564
898,255,255,170,40.143633357589124
899,255,255,255,44.542578134206764
900,255,255,256,30.515751649584058
901,256,256,244,64.50832417812295
902,256,256,260,31.057883050560196
903,256,256,260,51.45480891058611
904,257,257,249,30.66381808154915
905,257,257,258,29.77568863178896
906,257,212,242,37.263113066558425
907,257,230,230,33.47225692648004
908,257,208,208,30.777551314876742
909,258,258,296,20.44241288621237
910,258,258,258,40.72833811339676
911,258,258,279,25.774544413958193
912,258,258,265,34.73145198986552
913,259,259,154,32.329032506387456
914,259,259,260,53.19441783600521
915,259,259,151,48.12419461374809
916,260,260,193,54.57314968446759
917,260,260,263,41.68886385635065
918,260,260,260,33.18529160663367
919,261,261,223,31.72393936101916
920,261,261,259,36.91491340318107
921,261,261,259,48.402816997704655
922,262,262,209,46.081868596017316
923,262,262,252,27.468680852784015
924,262,262,849,42.75628398603906
925,262,262,154,136.43260569532083
926,263,263,217,68.11129109943387
927,263,263,264,42.95653368312593
928,263,250,284,61.49108408390741
929,263,263,273,46.663541711887085
930,264,264,264,59.782072193719415
931,264,222,222,29.142662216913195
932,264,263,263,77.34460337497256
933,265,265,202,35.6129481787176
934,265,265,77,23.208683340632554
935,265,221,205,28.925551147938645
936,265,266,266,47.834613014384395
937,266,265,265,77.23927352046928
938,266,266,265,33.69529811529082
939,266,221,221,45.63795926335271
940,266,266,265,56.05991737785109
941,267,267,265,23.92848722348638
942,267,267,266,42.66164503098287
943,268,164,164,16.60783880477761
944,268,268,104,18.36611615651062
945,268,268,245,51.545805053910215
946,269,347,347,52.64601242908669
947,269,269,537,39.19884019334781
948,269,269,269,58.305398396557386
949,269,269,271,27.425813643194342
950,269,224,224,165.87461609656867
951,269,104,104,39.3653483281538
952,269,269,271,45.1553781184994
953,269,270,279,38.30168188896718
954,270,269,269,87.14567598075237
955,270,270,279,54.477154468450635
956,270,270,269,40.412787533036
957,270,270,269,53.12423435895141
958,271,271,269,16.423479384132552
959,271,269,270,55.52827270610485
960,271,271,272,83.86426920727307
961,271,271,274,35.48580006183851
962,272,272,269,32.577043543062366
963,272,272,271,84.65982068674187
964,272,272,269,40.41923748372985
965,272,277,280,13.250620140094586
966,272,272,277,57.14693711104736
967,272,269,269,18.728910891013363
968,272,271,269,22.632938783461306
969,272,362,362,23.28817366632728
970,272,272,272,44.989721280661705
971,273,273,272,31.342458276903965
972,273,270,270,48.80077872444013
973,273,174,174,31.69513415698152
974,273,273,274,29.28050030903407
975,274,274,342,43.262511867887845
976,274,274,271,59.85343274462834
977,274,274,271,61.12248857434927
978,275,275,275,41.71890703794931
979,275,275,264,34.109763256386174
980,275,275,342,26.804072592082406
981,276,276,342,54.02120220173749
982,276,276,275,39.958137761109526
983,276,276,275,13.45861362896938
984,276,276,275,22.030490903854275
985,276,276,276,37.10357980563211
986,276,251,251,38.89557625877521
987,277,277,273,86.11520821090943
988,277,278,278,54.52082359809981
989,277,274,274,20.491465015886313
990,277,225,225,37.379134834703734
991,277,280,280,53.45414732322744
992,277,278,280,24.530475184976506
993,277,277,282,52.5115582246075
994,277,277,278,37.84207620575209
995,278,278,277,49.77973078696469
996,278,277,277,32.002706771883574
997,279,279,258,30.37509426125351
998,279,279,270,18.00968378046328
999,279,279,296,36.05830311407955
1000,279,279,356,28.551139898831273
1001,279,279,270,32.06020810104837
1002,280,280,278,44.50250621883389
1003,280,280,272,40.53948712238322
1004,280,280,278,49.55978472636773
1005,280,280,278,12.90399119124974
1006,280,279,279,11.286778144652391
1007,280,280,278,18.050543202074696
1008,281,281,285,59.934739531925494
1009,281,281,285,30.331829704627665
1010,281,282,287,36.49972667749954
1011,281,285,285,46.05706074128817
1012,281,281,285,38.46117776902057
1013,281,285,285,199.37979463257702
1014,282,281,281,64.77320289643802
1015,282,292,292,57.363411822726256
1016,282,287,287,22.67725095142582
1017,282,285,330,59.89227222644859
1018,282,797,797,26.230960831872586
1019,282,281,281,22.531462456557616
1020,283,283,284,174.96471755619555
1021,283,283,259,85.53701674547997
1022,283,230,157,34.331077843666144
1023,283,283,287,34.34570093186968
1024,283,287,282,37.71333566042217
1025,283,283,261,19.70950372280432
1026,283,283,338,50.24749272042048
1027,283,283,619,35.45725141025515
1028,284,284,332,88.6329588242737
1029,284,284,333,64.83373855614096
1030,284,284,245,39.298059413333334
1031,285,834,834,65.8276566493272
1032,285,620,620,27.69749952813097
1033,285,104,104,32.34166990336799
1034,286,291,291,38.41562519174868
1035,286,286,291,39.985501271545694
1036,286,286,294,26.472485391966067
1037,287,287,289,17.953162298605235
1038,287,287,280,24.098105067142907
1039,287,287,278,24.083189168975576
1040,287,287,286,18.257884339959556
1041,288,288,290,12.013729114889085
1042,288,288,290,32.2601949115196
1043,288,288,293,58.8701763374385
1044,288,288,290,276.10338355705153
1045,288,288,293,16.50827428675805
1046,289,289,288,63.10691783635328
1047,289,289,288,22.48292458680143
1048,289,288,288,31.437405811731075
1049,289,289,288,42.64396911190579
1050,289,289,289,47.62576447388083
1051,290,290,288,59.75412810932649
1052,290,290,290,20.535649575218837
1053,290,290,998,36.22526065949591
1054,290,290,288,28.679797153477384
1055,290,290,290,76.49809981016979
1056,291,291,294,18.15080057752698
1057,291,291,272,17.345415105787847
1058,291,291,291,35.32098403961713
1059,291,291,260,20.609662545777894
1060,291,291,291,33.68076468041811
1061,291,980,980,25.511809435577597
1062,291,291,291,59.754895114249656
1063,291,291,274,51.56650441993547
1064,291,291,287,25.985128844634232
1065,291,291,378,30.756351548480065
1066,291,291,286,42.66533649941731
1067,291,291,372,23.47487780904335
1068,292,290,290,29.76645259662164
1069,292,292,282,20.6746253514949
1070,292,291,291,47.15900316177696
1071,292,292,292,22.092796637202284
1072,292,292,282,55.125635021513034
1073,292,292,292,48.59742697580765
1074,292,292,292,15.96800212925688
1075,292,292,282,57.241987482725165
1076,293,293,289,118.12927859288546
1077,293,293,293,35.41925428780803
1078,293,329,329,137.69398282475927
1079,294,294,296,24.518096636356233
1080,294,294,337,13.480026655587364
1081,294,294,295,41.05165897670441
1082,294,295,295,94.3296730834396
1083,294,294,294,46.455161081552994
1084,295,295,356,23.222063976659797
1085,295,295,297,30.415102026139646
1086,295,295,385,18.60117908337984
1087,295,224,224,113.15222078867251
1088,295,295,297,34.05085353692998
1089,296,296,296,16.046586193249382
1090,296,296,279,15.998714531007007
1091,296,296,279,66.65757824033695
1092,296,296,296,44.230215387328464
1093,296,296,81,28.904978705997493
1094,296,296,372,87.89978052679604
1095,296,296,81,38.484322211671696
1096,297,295,183,8.5272501021417
1097,297,297,297,135.08541520281162
1098,297,297,248,14.65157123603995
1099,297,294,357,6.8249114905912736
1100,297,297,295,50.69003456753015
1101,297,297,295,54.15906587639906
1102,298,299,299,55.298169168832175
1103,298,298,48,65.56635505582669
1104,298,259,259,16.164013431133995
1105,299,299,336,120.00744839237
1106,299,299,298,50.73277647893933
1107,299,299,298,51.03625199169418
1108,299,299,298,28.132833429135264
1109,300,300,304,59.91944580389187
1110,300,300,303,32.0393916810681
1111,300,300,302,76.91272314613333
1112,301,301,304,35.268964858978144
1113,301,301,815,66.020474351441
1114,301,301,304,37.04961242059472
1115,301,301,317,36.88165676714365
1116,301,301,309,31.061914510594992
1117,302,302,304,47.2132894865698
1118,302,314,314,151.98065517813473
1119,302,308,308,99.80967525419976
1120,302,302,304,71.02427071594845
1121,303,77,73,33.553892896831776
1122,303,314,314,70.99942792274176
1123,303,303,304,17.815749275730855
1124,303,303,303,60.30627562871776
1125,304,304,307,24.448963147299047
1126,304,304,73,55.301679666873106
1127,304,304,307,25.850685940815335
1128,304,304,310,23.794424358750927
1129,305,305,677,58.645553131154415
1130,305,305,300,16.715276309724604
1131,305,305,646,42.740350541990246
1132,306,306,71,64.95598889744592
1133,306,306,305,39.62503217686754
1134,306,304,304,67.38354575627565
1135,306,306,302,111.35805636439109
1136,307,307,302,95.27815334043306
1137,307,307,304,15.065275254744668
1138,307,308,308,32.03406490330094
1139,307,308,75,36.91191193201516
1140,307,307,304,24.1203636969684
1141,308,308,304,39.56033646718112
1142,308,308,320,40.98499926088677
1143,308,308,310,41.02669465212968
1144,309,946,946,35.77941982691413
1145,309,410,410,50.23111302606599
1146,309,309,308,108.03436185433598
1147,309,309,985,42.87699460919159
1148,310,679,679,150.62253158342043
1149,310,310,328,37.4112470037681
1150,310,310,815,17.506672061329045
1151,310,310,300,53.23955421881996
1152,310,314,314,42.74412771217596
1153,310,310,314,44.53412793726999
1154,311,318,318,43.44859653468851
1155,311,312,312,122.40662494433232
1156,311,311,319,34.55674686419471
1157,312,312,815,36.202106210991495
1158,312,312,303,44.63943499392582
1159,312,312,311,68.78049347386025
1160,313,313,315,142.61308712234882
1161,313,313,997,115.01318138619699
1162,313,313,815,44.22125207604754
1163,313,313,93,22.118599084808373
1164,314,896,896,27.22075952149923
1165,314,245,199,71.74326506264664
1166,314,314,305,53.683867189089575
1167,314,314,78,132.92823015262974
1168,315,489,489,48.92272534529722
1169,315,311,311,71.83071040851189
1170,315,315,313,25.600470241488946
1171,315,315,311,26.983764402093666
1172,316,316,35,54.257749359307574
1173,316,316,318,13.404404860189082
1174,316,316,308,18.973677482791793
1175,316,125,125,38.78502759764404
1176,316,316,738,51.3890822422612
1177,317,317,35,79.74295044802832
1178,317,317,318,26.0081463666647
1179,317,317,316,21.084926030490347
1180,318,318,943,54.913005742943426
1181,318,318,815,27.464768819132587
1182,318,318,317,12.360733278740414
1183,318,318,304,39.04464099205988
1184,319,319,72,51.951214583544576
1185,319,319,320,73.8302668774953
1186,319,308,308,28.317183806258
1187,319,319,320,54.77745005205958
1188,319,319,320,49.58514860887356
1189,320,319,319,26.012436231460363
1190,320,320,319,48.87376258018384
1191,320,320,72,33.0143947702712
1192,320,320,319,30.409066274805728
1193,321,994,997,58.341849671964454
1194,321,321,321,63.89762488323709
1195,321,321,326,39.47533981850946
1196,322,322,326,27.845132250988538
1197,322,322,322,33.92038727661333
1198,322,326,307,20.6791449879777
1199,322,322,322,34.58132003111647
1200,323,323,323,50.14179074646183
1201,323,323,323,40.44743111330174
1202,323,323,323,52.53285629970598
1203,323,323,323,54.80685467822077
1204,324,324,318,39.31647715817071
1205,324,324,326,38.61443699803764
1206,324,324,325,41.665220651267916
1207,325,325,738,59.76816693344687
1208,325,325,989,37.58195854395282
1209,325,325,326,44.96346497117388
1210,325,325,325,84.49663665033495
1211,326,326,322,95.54764314934022
1212,326,326,308,53.705606296840585
1213,326,326,322,44.16132035942213
1214,326,326,319,46.841635246688455
1215,326,326,321,23.43831328654381
1216,327,327,327,63.48096508291818
1217,327,327,327,47.20568620266589
1218,328,328,328,45.54464742898454
1219,328,328,973,43.850303193583166
1220,328,328,946,123.64794812157061
1221,329,419,327,56.148226084972116
1222,329,329,116,54.80534432245675
1223,329,329,327,70.68773633867264
1224,329,329,116,15.088814152417788
1225,330,330,331,10.406808204846845
1226,330,330,331,21.648336602636594
1227,330,330,331,59.49520677358248
1228,330,330,783,13.705731466454804
1229,330,335,335,29.48048066321137
1230,330,330,331,81.16093712814231
1231,331,331,330,40.1656468549293
1232,331,331,142,67.35534321839593
1233,331,331,330,15.081557024065356
1234,331,331,331,44.271355924277394
1235,331,331,83,32.13760831966637
1236,332,332,197,44.11517901691961
1237,332,332,794,29.31757009853429
1238,332,332,494,26.478263599718087
1239,332,332,562,38.21194672667901
1240,333,333,298,85.5182340302738
1241,333,333,987,28.48433301501377
1242,333,333,929,94.35945560633591
1243,333,333,674,25.51151081151855
1244,334,334,337,89.9468060388437
1245,334,102,102,34.80454902897378
1246,334,334,102,25.3092022825397
1247,335,335,337,33.879946202236525
1248,335,335,335,37.43800550011946
1249,335,335,338,33.15711524823445
1250,335,335,280,27.50872982105514
1251,335,336,336,56.47703255070247
1252,335,335,191,20.851181712327058
1253,335,335,295,13.898154717715366
1254,336,84,84,40.060295197942
1255,336,336,336,50.4072681382031
1256,336,336,106,31.49519060347694
1257,337,337,76,21.447025018284936
1258,337,337,337,50.92965720928853
1259,337,336,298,17.632575760508132
1260,338,338,865,64.02607733929875
1261,338,338,338,59.98722733230794
1262,338,338,337,24.04273331141479
1263,339,339,274,61.57574546053471
1264,339,339,676,30.204882451673647
1265,339,339,211,30.02439124692004
1266,339,339,242,79.2452036154147
1267,340,340,292,51.79026982823065
1268,340,340,340,30.499833108316565
1269,340,340,340,46.025751108179485
1270,341,341,348,32.925093614340646
1271,341,341,342,43.72326149089116
1272,341,341,341,74.35259379251939
1273,342,342,342,34.30968215173469
1274,342,343,343,38.527545292739234
1275,342,372,372,37.20048973232315
1276,343,272,272,23.97958258603199
1277,343,344,344,77.61029439623006
1278,344,975,975,16.296164665871526
1279,344,344,562,25.892299384581833
1280,344,344,385,63.080987902680185
1281,345,345,347,24.872703897667105
1282,345,345,346,33.20524070173477
1283,345,241,241,27.138177621369955
1284,346,346,730,53.03930113254806
1285,346,346,346,43.185778546228775
1286,347,347,345,35.973750831733554
1287,347,347,346,27.204310047512752
1288,347,347,346,30.232719237411494
1289,347,347,386,56.64394049880093
1290,348,348,348,58.76500913398411
1291,348,348,348,48.028568168945185
1292,349,348,348,22.33078914439558
1293,349,355,355,52.1194114854646
1294,349,348,348,40.78265072903087
1295,350,350,350,50.25141762701415
1296,350,350,351,46.26351204201591
1297,350,350,349,13.350974257794142
1298,351,351,352,51.52655607881211
1299,351,351,343,42.506720795241996
1300,351,351,351,42.564603809124556
1301,352,352,353,42.31575543046608
1302,352,352,351,28.64098047617961
1303,352,352,351,54.62727503799541
1304,352,353,4,61.721500880542
1305,353,353,352,57.24275083763159
1306,353,353,330,62.3881756651106
1307,353,352,352,39.883211428116624
1308,353,353,352,40.11382015096953
1309,354,354,354,59.15576074991757
1310,354,872,562,59.44829834620707
1311,354,354,386,59.68201241102435
1312,355,355,377,41.33641678222003
1313,355,286,286,36.72854898030244
1314,355,355,348,62.27341433520833
1315,356,356,360,25.536476805517584
1316,356,360,360,37.94605669787201
1317,356,356,299,30.672278251292088
1318,356,358,358,51.65199977052378
1319,356,358,358,64.67031020731174
1320,356,356,357,53.797107972560404
1321,357,357,356,56.22052273623985
1322,357,357,360,18.495892085364616
1323,357,357,337,79.55643709216407
1324,357,334,334,28.569272143458473
1325,358,359,660,9.564191719655748
1326,358,358,333,36.96954195392937
1327,358,358,359,43.510735425009656
1328,358,358,357,186.04126696848022
1329,358,358,359,53.13978986918666
1330,359,357,106,62.06461996572775
1331,359,359,106,48.81759351042818
1332,359,356,356,31.75174062412935
1333,359,359,358,44.0001003936521
1334,359,359,357,51.45910155203606
1335,360,360,150,21.751274502082335
1336,360,360,337,39.26037478427693
1337,360,360,295,55.93051899265453
1338,360,360,357,19.638924460804823
1339,360,103,6,32.92985624143919
1340,360,360,337,23.500636039945665
1341,360,357,333,17.032522051341083
1342,360,360,206,86.37742736141928
1343,360,360,337,27.695808668156676
1344,360,360,337,13.563000053325815
1345,361,361,362,19.707648262135006
1346,361,361,622,77.59328412467076
1347,361,361,361,46.90955744221175
1348,361,903,562,61.89991427359441
1349,362,362,362,31.671023975400864
1350,362,362,110,65.56121081192815
1351,362,362,364,28.550983007754738
1352,362,362,103,12.422928564455198
1353,362,362,342,22.13188087647301
1354,362,362,362,35.35441204215986
1355,362,362,364,66.32785594621814
1356,362,299,287,16.689779342807473
1357,362,362,366,41.90072352005849
1358,363,363,48,21.26692477875655
1359,363,336,106,29.972157097914124
1360,363,298,298,37.563606242182324
1361,364,106,106,38.14905536301431
1362,364,364,366,30.182038055870525
1363,365,365,365,47.535473880397824
1364,365,365,365,43.51979533555502
1365,365,365,379,14.48537268007087
1366,366,366,379,31.99813438371216
1367,366,366,365,31.589499056963643
1368,366,368,368,68.27590679683298
1369,366,366,370,30.502686533819592
1370,367,367,369,87.32099751896543
1371,367,367,341,80.4385705244383
1372,367,367,987,70.47235206327429
1373,367,367,295,57.18126248966696
1374,367,367,369,28.62258729194733
1375,368,368,368,43.493384564597214
1376,368,368,372,12.478629370472353
1377,368,368,375,11.827673933460233
1378,368,368,249,91.0114843394226
1379,368,382,382,23.32066319703703
1380,369,366,366,43.475418643141175
1381,369,381,381,12.071886473748803
1382,369,368,368,13.148743285282626
1383,369,369,372,8.809825898223066
1384,369,369,475,18.24912760738781
1385,369,368,368,15.47518772335915
1386,369,379,379,42.90262152617573
1387,369,369,366,66.4658701564301
1388,369,369,367,11.461174986548919
1389,370,370,370,39.88124373818214
1390,370,370,375,40.76176288823808
1391,370,371,298,47.54620012245619
1392,371,373,904,39.948051743129824
1393,371,371,365,24.091478366014314
1394,371,372,372,23.685199629208462
1395,371,372,276,7.292878893811524
1396,371,371,370,29.04164958213519
1397,371,371,370,89.78042483910717
1398,371,381,381,38.06758279157719
1399,371,371,370,16.7492787194003
1400,371,371,374,18.494475026451447
1401,371,371,376,45.00655379801795
1402,371,370,370,35.20777805371478
1403,372,372,360,46.06292885177186
1404,372,372,370,99.38752500772813
1405,372,372,373,80.13361607355253
1406,372,372,373,54.86757441542574
1407,372,372,370,58.4612253545838
1408,373,373,372,81.35838487006569
1409,373,373,372,35.294801658039916
1410,374,287,294,41.27162819750922
1411,374,374,370,25.979607362435935
1412,374,373,373,47.934511892628414
1413,375,375,375,106.78353737409147
1414,375,375,370,59.64380535606678
1415,375,375,375,37.92913654632101
1416,375,370,370,34.250962747089986
1417,375,375,370,22.160738295277667
1418,376,376,372,49.65975365148269
1419,376,376,371,21.378758211875656
1420,376,376,376,47.606467141322256
1421,377,377,380,31.935750461206386
1422,377,377,380,61.96898337343851
1423,377,624,624,33.30884315247297
1424,377,377,380,51.33555672414258
1425,377,380,378,145.26587241329787
1426,378,378,382,47.68522469894834
1427,378,379,379,27.711857328815988
1428,378,379,379,44.95752372658622
1429,378,378,380,48.867775083637085
1430,379,379,377,60.236557585973515
1431,379,379,369,49.74680670267542
1432,379,372,295,74.11407049636588
1433,379,379,381,32.58146458817762
1434,380,334,334,27.319744339077666
1435,380,380,379,21.746241767940933
1436,380,378,366,34.24019735529542
1437,380,377,377,27.0953879216992
1438,381,378,379,35.05547986254371
1439,381,381,379,25.680312887850683
1440,381,381,379,31.961403308614177
1441,381,374,374,20.722433268282014
1442,381,368,366,48.03116923791624
1443,381,369,369,38.71938359097874
1444,381,384,384,35.248535548456374
1445,381,381,365,25.57483499103105
1446,382,382,381,37.404092612802316
1447,382,378,378,37.087049207732335
1448,382,382,381,23.560486989215388
1449,383,127,127,34.56416495108374
1450,383,383,374,35.79265656150127
1451,383,383,970,37.64419845796294
1452,383,716,716,26.209718633799287
1453,383,383,383,62.8860740118143
1454,383,383,383,54.59225412407872
1455,384,384,379,56.91649979061654
1456,384,384,105,58.71606310371859
1457,385,101,690,7.877918907925776
1458,385,385,101,61.27937111078921
1459,385,385,386,13.66197545672268
1460,385,562,562,46.010356800091834
1461,385,101,101,15.062276027173677
1462,385,101,101,35.67235113785478
1463,385,385,386,281.75247155226333
1464,385,385,664,11.180665037696313
1465,385,386,347,9.163052189418295
1466,386,386,101,33.92520977228951
1467,386,386,101,110.45457148663208
1468,386,386,101,39.67509549302589
1469,386,386,101,23.302970648447975
1470,386,386,101,26.825786868303553
1471,387,387,387,56.65338942723463
1472,387,387,218,59.13332506156854
1473,387,387,277,24.10862454652521
1474,387,387,278,52.76585706321332
1475,388,388,850,34.25370225631007
1476,388,388,375,52.884460777937896
1477,388,388,295,35.6638384539191
1478,389,3,2,82.32364548363837
1479,389,389,395,51.81859423276708
1480,389,389,391,67.4864291990576
1481,389,389,391,43.21429710175325
1482,389,395,395,70.79526462894704
1483,389,389,395,50.88261799798314
1484,390,390,397,61.22107228192708
1485,390,390,397,71.31633997759617
1486,390,390,107,27.79997810062147
1487,390,55,55,21.58996106988428
1488,391,391,395,40.068485780361094
1489,391,391,389,30.707208514199056
1490,391,391,395,35.8706440814405
1491,391,391,389,52.47606795180975
1492,392,392,109,25.349499225180473
1493,392,392,393,75.58743003372724
1494,392,392,920,97.35481121230926
1495,392,392,393,115.640677773489
1496,393,393,108,39.67491839809229
1497,393,393,108,44.76140273019143
1498,394,394,391,68.19094416804658
1499,394,394,395,45.29185739142899
1500,394,394,329,52.903510610402435
1501,395,395,389,34.30203821841223
1502,395,65,344,12.131638773297377
1503,395,4,391,38.29520979679144
1504,395,395,26,16.478400265830427
1505,396,396,815,34.781825515658134
1506,396,396,79,44.44381080869357
1507,397,397,125,46.10359613225239
1508,397,397,390,35.21108726662599
1509,397,397,5,55.30345139728745
1510,398,398,579,56.790350301427566
1511,398,398,543,35.31133775742887
1512,398,398,509,68.64229761988372
1513,398,398,398,84.01530337593137
1514,398,398,398,79.72491445209407
1515,399,399,893,82.7434709368485
1516,399,400,568,43.878968362403064
1517,399,399,788,25.279294918194992
1518,399,903,793,50.3384540352669
1519,399,399,433,64.65678572084312
1520,399,399,541,65.145135325854
1521,399,399,501,27.88571763361666
1522,399,797,615,47.42656779793617
1523,399,399,462,81.80656773515139
1524,400,667,667,73.32632240117327
1525,400,667,667,62.02022998009067
1526,400,667,667,37.271076275515064
1527,401,401,776,49.67253052028591
1528,401,401,819,47.481015264325585
1529,401,401,687,53.919606735619865
1530,402,402,402,55.47358372150775
1531,402,546,546,59.5319598567018
1532,402,402,917,92.6748946602469
1533,402,402,905,65.28691543269615
1534,403,403,536,18.220437778015075
1535,403,628,628,75.07707125290945
1536,403,554,718,24.796989583394332
1537,403,403,554,36.437787002972236
1538,403,403,536,38.6561396497805
1539,404,404,812,36.73779398969962
1540,404,404,908,24.631231396889596
1541,404,404,895,60.66031770773613
1542,404,404,625,43.58116885112635
1543,404,404,404,39.692225265394995
1544,405,417,417,47.03285013877008
1545,405,405,815,18.708190346446905
1546,405,405,908,19.43017598155561
1547,405,405,812,19.35289504853201
1548,405,795,795,35.876323302177205
1549,405,405,755,46.52898556633807
1550,406,406,497,24.405435405908193
1551,406,406,497,62.19421964939363
1552,406,406,497,59.86979451139067
1553,407,407,734,74.73372454807387
1554,407,407,734,48.12547311510809
1555,407,734,734,68.97214286461748
1556,408,408,864,71.70608509872021
1557,408,575,575,24.580722884997318
1558,408,408,609,40.06424769000744
1559,408,733,874,85.97232788024958
1560,408,847,847,58.238405763306204
1561,408,408,403,32.590261302494895
1562,409,530,688,58.585593922267165
1563,409,409,892,79.53496054778309
1564,409,409,409,148.73074480106612
1565,409,426,426,100.3477939227684
1566,409,426,426,56.12468178226398
1567,409,409,409,139.370065203464
1568,409,409,892,61.44605925482844
1569,409,868,868,70.40403592598904
1570,410,410,899,57.373276319160446
1571,410,410,89,35.62137247894681
1572,410,410,428,42.747361846940585
1573,411,591,448,61.43439189864426
1574,411,448,448,60.56495256412964
1575,411,689,775,31.28987100379978
1576,412,412,421,19.363163562939068
1577,412,637,704,55.80781564822276
1578,412,412,637,52.55714535703198
1579,412,859,859,89.25719852345888
1580,413,413,432,45.037799832809064
1581,413,413,444,38.21291648865706
1582,413,413,764,39.72988507463068
1583,413,652,652,28.71229010714911
1584,414,511,876,26.139325493243373
1585,414,652,652,44.01737335977737
1586,414,608,608,41.774046932402
1587,415,467,467,61.94998693330333
1588,415,415,868,50.29537458924004
1589,415,424,664,47.85256870663491
1590,416,416,484,47.43065776416783
1591,416,702,736,28.381316241503736
1592,416,702,787,52.1568645134486
1593,416,416,638,126.90174308341065
1594,416,421,421,33.74889581055612
1595,417,417,405,61.25435856199135
1596,417,417,701,14.219978782154804
1597,417,417,794,12.772265977987766
1598,417,417,417,52.44625165696389
1599,418,784,899,52.87869854680309
1600,418,418,650,29.470730901797356
1601,418,918,922,27.424201635025057
1602,418,845,707,55.40041149328348
1603,419,681,435,61.59870935115245
1604,419,549,549,63.802636374933705
1605,419,813,813,48.84747572172095
1606,419,419,539,46.13382105488195
1607,419,903,834,41.399515132171906
1608,419,673,140,63.88046576797303
1609,419,719,719,74.9027393209063
1610,420,420,819,60.92301809825675
1611,420,420,546,32.01393187194658
1612,420,541,788,31.789524732899896
1613,420,516,516,66.29021556918276
1614,420,420,420,52.79156837526079
1615,421,506,506,28.386766217819464
1616,421,556,827,33.19049324619692
1617,421,421,877,235.31233982084927
1618,422,422,602,57.18224683401272
1619,422,543,543,78.5956711598357
1620,422,422,747,41.929851179263885
1621,422,422,543,55.25038339593424
1622,422,422,546,30.970468649041102
1623,422,543,756,27.21015952533714
1624,423,423,879,69.80173229959445
1625,423,423,424,46.7333398406878
1626,423,524,820,36.35841085678589
1627,423,424,802,39.663321791494035
1628,424,697,697,66.61081848351976
1629,424,424,670,62.681255547760195
1630,424,424,965,51.35149071204128
1631,425,425,449,128.3526821074674
1632,425,425,449,46.00763230027015
1633,425,425,497,52.390877585375364
1634,425,425,497,45.511833553351714
1635,426,426,635,103.06291785184884
1636,426,426,884,38.846775826041615
1637,426,426,778,18.35534852325729
1638,426,426,426,57.17465453175564
1639,427,427,571,39.18724160277807
1640,427,427,522,20.68338560062109
1641,427,427,541,41.05718912103461
1642,427,427,341,62.472585706777146
1643,427,756,756,35.15769317046889
1644,427,427,756,33.037742444339635
1645,428,428,637,55.2644487220187
1646,428,428,234,27.30107538070346
1647,428,428,876,34.08348171179474
1648,429,429,429,76.2964427962171
1649,429,588,588,65.5951495165675
1650,429,429,981,75.08412554788181
1651,430,430,890,39.483066761505285
1652,430,430,416,48.910850794706455
1653,430,430,433,65.57930976615764
1654,430,430,444,55.86393416531323
1655,431,431,516,227.53812013331276
1656,431,431,796,35.435438389018024
1657,431,529,529,26.443158832584682
1658,431,431,700,54.27344074375351
1659,431,431,750,14.858631779507085
1660,432,432,764,101.9710709011405
1661,432,432,683,47.3879064809402
1662,432,432,401,75.45801909687206
1663,433,842,445,43.91339362217158
1664,433,433,445,51.837506159346695
1665,433,639,639,66.89499081327222
1666,434,999,794,31.840135140316153
1667,434,434,794,84.4519990258139
1668,434,434,793,55.747868925849716
1669,434,434,680,69.76121239367768
1670,435,876,859,54.49086413270213
1671,435,876,876,32.09885276058238
1672,435,499,620,27.845429834370048
1673,436,436,468,51.813025332263344
1674,436,656,656,39.13637045034673
1675,436,436,407,41.726288098205785
1676,437,506,506,31.83417696191801
1677,437,460,718,24.91952432780055
1678,437,460,871,31.568214195779298
1679,437,437,437,62.39873285342352
1680,438,441,907,41.937270734261716
1681,438,438,967,52.22363594447207
1682,438,438,845,40.29907209248257
1683,438,438,711,67.75461679598484
1684,439,457,457,54.86654608036993
1685,439,439,439,59.13626410873392
1686,439,439,439,87.41203241214156
1687,439,439,439,56.73190645413306
1688,440,440,901,43.57724470107475
1689,440,737,737,38.418724968820804
1690,440,440,960,69.45371707855955
1691,440,440,907,34.813568703763025
1692,441,441,440,31.877470113102923
1693,441,441,849,59.06039094200753
1694,441,441,967,114.95015591661117
1695,441,898,898,32.18942949483812
1696,441,441,440,78.5412820657384
1697,442,442,873,39.66182081587063
1698,442,494,494,151.02503353821947
1699,443,443,528,44.42343318912379
1700,443,843,361,37.69314209116308
1701,443,443,636,71.91083279226338
1702,443,443,849,80.64168348499864
1703,444,444,671,39.75568954244369
1704,444,700,434,117.62699298263996
1705,444,444,489,71.47093753853586
1706,445,639,433,45.365386673584936
1707,445,445,842,34.62615531120796
1708,445,445,842,49.57900088081748
1709,445,445,639,61.40838203382985
1710,446,446,549,137.14486388916617
1711,446,446,893,163.96306417133925
1712,446,446,626,97.09486464195197
1713,446,893,893,72.35868768953802
1714,446,709,929,88.38905156885686
1715,446,478,478,32.70875413787298
1716,446,632,632,87.36658021941246
1717,446,446,893,131.88292333078496
1718,447,593,419,29.27608494759188
1719,447,464,464,53.5949403336026
1720,447,889,889,37.449883074607015
1721,447,447,833,26.86137580159155
1722,447,447,837,43.94182670375244
1723,448,448,716,54.16531906399058
1724,448,448,449,61.91752582004695
1725,449,449,975,49.484161802478745
1726,449,449,449,48.25573069525123
1727,449,448,448,77.07142456930943
1728,449,449,425,58.20054646745897
1729,450,399,819,63.77514707044752
1730,450,450,898,27.22855834503281
1731,450,450,812,84.5934232146087
1732,450,450,507,39.38478338918376
1733,450,450,795,65.0926070676854
1734,450,450,518,41.45059702663939
1735,450,751,866,36.38864734235334
1736,451,451,679,65.82856560334801
1737,451,451,872,47.05982212453179
1738,451,451,616,43.25612526078138
1739,451,584,611,43.10215877449738
1740,451,451,451,64.19810382570542
1741,451,451,870,91.23626268831137
1742,452,452,549,53.653739416802935
1743,452,658,658,33.60148530271605
1744,452,452,515,58.70592471989284
1745,453,548,548,20.27067160220093
1746,453,454,454,38.23213205675491
1747,453,453,548,38.4465900236237
1748,453,492,492,215.66688792162597
1749,453,453,894,53.35400522812518
1750,454,454,860,38.59403273676271
1751,454,424,424,54.22145763313427
1752,454,498,781,42.17235449692978
1753,454,454,624,38.25130641301761
1754,455,440,440,56.44687771885115
1755,455,455,455,67.48991110684197
1756,455,455,429,27.524178551184264
1757,455,455,455,40.74414111017271
1758,456,456,645,46.661406040844334
1759,456,889,879,67.3099156080811
1760,456,456,313,72.66265034945354
1761,457,834,818,54.85889942610849
1762,457,823,772,55.06652139100291
1763,457,676,676,110.47324894959993
1764,457,457,834,45.57188642926368
1765,457,457,906,104.19551389159177
1766,458,458,458,36.75044399595294
1767,458,458,835,33.61659151074234
1768,458,458,921,55.1765020644445
1769,458,458,458,28.392421839160406
1770,459,457,457,69.27469888811142
1771,459,842,842,21.787435167449786
1772,459,445,445,55.49726548618755
1773,459,876,546,21.043622782113797
1774,459,459,647,16.01898058560779
1775,459,721,721,71.30707864946496
1776,460,460,980,20.804263128155213
1777,460,460,664,17.96849072507955
1778,460,460,562,39.227464645346515
1779,460,460,150,20.021246487798127
1780,461,461,469,39.71639937047228
1781,461,391,391,26.309285408901825
1782,461,524,524,35.26289748023794
1783,461,615,615,57.36622640755368
1784,462,462,816,67.9663035462228
1785,462,462,980,60.11415543379081
1786,462,462,456,39.823934365576996
1787,462,462,839,48.517548481001214
1788,463,463,469,48.7859925735723
1789,463,463,968,67.02303273284792
1790,463,463,799,53.240762066915416
1791,463,463,588,103.80546760092358
1792,463,738,738,63.4091034369699
1793,464,464,464,61.99988103386379
1794,464,679,679,104.5832239437894
1795,464,823,516,52.06082784567041
1796,464,464,630,128.72125016785728
1797,465,477,859,43.78690076478771
1798,465,433,433,51.919296222384624
1799,465,652,652,56.59355579201894
1800,465,652,515,37.03831046871104
1801,466,466,705,51.62264196009326
1802,466,466,812,55.07641511290396
1803,466,466,833,53.783619764198285
1804,467,467,51,90.38620308682201
1805,467,467,580,44.979798061735146
1806,467,467,766,44.62337897851147
1807,467,467,467,48.32580768580263
1808,468,581,581,36.27198932171989
1809,468,468,468,46.06482711401713
1810,468,468,864,55.30501995351941
1811,469,909,909,33.29627709502638
1812,469,926,909,45.29032469103675
1813,469,469,410,44.36152360322487
1814,470,470,955,41.844477974581025
1815,470,470,827,71.45189237182817
1816,470,668,668,57.33065892565523
1817,470,762,762,58.917535182677376
1818,471,471,866,57.30478668029773
1819,471,471,471,70.78637492676425
1820,471,471,690,30.672821078475227
1821,472,472,693,40.26108860927502
1822,472,472,693,67.82482964130926
1823,472,472,693,39.0543459324484
1824,473,473,844,102.43793397662688
1825,473,473,844,52.34307330977876
1826,473,902,902,71.05984614305437
1827,473,473,662,60.777956334482234
1828,473,550,550,83.16384031807067
1829,473,473,859,19.57927042557756
1830,473,626,626,66.02028789582575
1831,473,473,763,42.03633321855567
1832,473,473,597,64.26878018407925
1833,473,629,629,54.740751315362225
1834,473,473,512,45.013909490660545
1835,474,474,474,47.13451719528897
1836,474,750,750,35.76621367814759
1837,474,474,911,95.010478088085
1838,474,735,735,58.04682574437899
1839,475,475,859,69.53463427592365
1840,475,475,704,51.73688297446177
1841,475,475,621,37.42755896534227
1842,475,475,475,53.789586134775284
1843,476,476,788,48.3958443193661
1844,476,476,788,67.39176897082766
1845,476,476,541,35.93457472643515
1846,477,477,848,225.00913223767856
1847,477,401,401,31.498836024034933
1848,477,477,759,74.26913885018293
1849,477,523,412,46.84937100624028
1850,477,524,524,44.19585260442213
1851,478,787,787,78.80812755440797
1852,478,637,637,57.59069705341837
1853,478,549,499,84.63435420865682
1854,479,479,609,35.56704922028334
1855,479,717,468,45.41340243976645
1856,479,436,436,41.973499629067106
1857,479,817,817,49.9917089264429
1858,480,509,509,48.03705743039361
1859,480,528,508,75.45965812277844
1860,480,480,688,53.671619633958954
1861,480,480,704,44.93585798744082
1862,481,485,485,33.18801453813471
1863,481,453,453,58.38031729476201
1864,481,454,454,31.549179164357735
1865,482,485,485,41.411747796284594
1866,482,482,485,512.5412068929309
1867,482,848,848,23.97168863947361
1868,482,482,754,60.3588658916087
1869,482,754,754,51.786232712514796
1870,482,848,485,33.71165546990833
1871,483,483,698,74.14066919523283
1872,483,483,664,87.78270281061317
1873,483,483,483,93.33106159321972
1874,483,483,663,68.25261683849665
1875,483,483,698,29.645688313107065
1876,483,483,698,36.52892614721582
1877,484,484,914,89.34009608413535
1878,484,871,871,141.02798002878666
1879,484,814,814,67.38959988779831
1880,484,484,871,47.13204865394977
1881,485,485,848,104.15852132016985
1882,485,485,754,39.28375631786878
1883,485,859,543,36.929984659534675
1884,485,754,754,50.301551374613815
1885,486,889,889,37.52414876182212
1886,486,486,819,68.59996852679137
1887,486,402,786,31.55970736028472
1888,486,486,889,72.6984900876533
1889,487,487,398,44.08332772517629
1890,487,610,441,52.685419817996426
1891,487,487,781,20.406791655232034
1892,487,487,711,62.164969949967514
1893,487,487,590,71.53037606473234
1894,487,487,754,115.30769376473594
1895,487,487,891,43.924442494029016
1896,487,487,605,55.38566742022324
1897,488,488,506,48.99266591461654
1898,488,616,616,56.03312355376873
1899,488,604,604,56.05356107363869
1900,488,488,109,33.40891009519807
1901,489,489,489,53.35526411070969
1902,489,489,556,29.945284350368883
1903,489,489,815,24.130210990630218
1904,489,489,904,48.64761189736782
1905,490,490,488,130.44672910612897
1906,490,490,490,97.25730260470658
1907,490,490,488,27.948152805706073
1908,490,490,488,75.57242541339166
1909,490,490,689,28.30453413560398
1910,491,491,90,87.42218361690573
1911,491,491,634,71.52943789555616
1912,491,491,606,94.86030016185389
1913,491,491,75,43.81595106042726
1914,491,527,527,60.14535346199637
